770.385675;121.776860;
770.170886;117.411392;
769.045296;122.477352;
770.864162;117.401734;
770.148069;119.896996;
768.641953;119.164557;
768.829749;118.939068;
768.446918;119.270548;
768.432709;119.310051;
768.130068;119.103041;
768.037671;119.448630;
768.165187;119.047957;
768.164336;119.166084;
768.229242;119.052347;
768.135802;119.442681;
767.707106;119.980936;
768.013937;119.783972;
767.541379;120.212069;
767.881533;120.203833;
768.136602;120.019264;
768.169284;120.197208;
768.301184;120.419628;
768.609672;120.404145;
768.690189;120.703959;
768.789661;120.479501;
769.089005;120.273997;
769.095406;120.457597;
769.213144;120.506217;
769.148479;120.797853;
769.332149;120.907638;
769.283247;121.317789;
769.302448;121.543706;
769.496479;121.422535;
769.364602;121.552212;
769.842466;122.294521;
769.398246;122.159649;
769.866782;121.963668;
769.517986;122.035971;
769.809437;122.159710;
769.591065;122.597938;
769.921098;122.445969;
770.186833;122.375445;
769.871479;122.447183;
770.057592;122.445026;
769.516995;122.520572;
769.854419;122.396880;
769.509666;122.015817;
769.050435;122.542609;
769.683391;122.804498;
769.465364;122.436945;
769.400000;122.357143;
769.395760;122.436396;
769.433099;122.406690;
769.257143;122.585714;
768.902778;123.083333;
768.954628;122.450091;
768.806957;122.264348;
768.732297;122.424870;
768.285968;122.014210;
768.514938;121.555360;
767.964815;121.405556;
767.620926;122.180103;
767.750000;121.501748;
767.450000;121.898333;
767.693632;121.373494;
767.606586;121.381282;
767.356048;121.081772;
767.247423;120.709622;
766.974790;120.640336;
767.106489;120.487521;
766.477686;120.398347;
765.456140;120.485965;
765.501730;120.010381;
765.268206;120.040853;
764.789207;120.288364;
764.236842;121.021382;
764.295575;121.157522;
764.520339;122.305085;
764.669967;123.516502;
765.112745;124.281046;
765.426016;127.011382;
765.855705;128.983221;
765.870918;132.584759;
766.513600;136.227200;
766.334370;141.189736;
767.100000;147.162121;
767.586158;152.302260;
767.156863;158.612045;
767.780089;165.380386;
767.574468;172.659574;
768.031838;180.558611;
768.756798;189.927492;
768.892638;199.003067;
769.056090;209.328526;
769.688042;220.746967;
769.750000;232.167832;
770.041441;244.563964;
770.086397;257.216912;
770.776991;270.364602;
770.667890;283.900917;
770.550088;298.511424;
770.726944;313.097649;
771.192771;329.199656;
771.012111;345.043253;
771.197574;361.662045;
771.162162;378.770270;
771.194763;396.726678;
771.177258;414.909699;
771.285479;433.971947;
770.855615;453.176471;
771.340000;473.406667;
771.116473;493.597338;
771.351613;514.641935;
771.219355;536.603226;
771.461420;558.722222;
771.308661;582.174803;
771.080328;604.750820;
771.445455;629.033333;
771.295490;652.869362;
771.094937;677.284810;
770.188406;702.932367;
770.659306;728.880126;
770.513261;754.897036;
770.202922;781.576299;
770.319813;808.536661;
769.735974;836.828383;
769.686478;864.906389;
769.054878;893.797256;
768.414110;922.806748;
768.284431;953.014970;
767.600694;981.069444;
767.617021;1013.531915;
767.085236;1043.689498;
766.798834;1076.972303;
766.376238;1108.485149;
765.765840;1140.464187;
764.679941;1173.659292;
764.284703;1207.567989;
766.451743;1244.213137;
763.869732;1274.951469;
762.858065;1310.077419;
762.644444;1345.393464;
762.478947;1380.742105;
762.241688;1417.047315;
761.528571;1453.688571;
760.840580;1491.963109;
760.210106;1528.716755;
760.283422;1566.687166;
759.662683;1605.154050;
759.350949;1644.486450;
758.430364;1682.653701;
758.226322;1722.651907;
758.058971;1763.289837;
756.161836;1804.509662;
756.809524;1832.595238;
757.200000;1804.658750;
758.474270;1768.559110;
760.134496;1735.839352;
761.038012;1702.160819;
762.201449;1669.323188;
762.697055;1637.819074;
763.678273;1607.603064;
764.387097;1578.177419;
765.275813;1549.376238;
766.597440;1521.610242;
767.377551;1494.256560;
768.649547;1467.841390;
770.365325;1442.753870;
771.138973;1417.761329;
771.803922;1394.312217;
773.358744;1371.316891;
774.394970;1349.032544;
775.291541;1327.361027;
776.660000;1306.176923;
777.573374;1286.331316;
778.815057;1266.274959;
779.618211;1247.476038;
780.759677;1229.420968;
781.648515;1212.435644;
782.783646;1195.913118;
783.816609;1180.043253;
785.150427;1164.482051;
786.435154;1150.114334;
787.369338;1136.289199;
788.024691;1123.239859;
789.392727;1110.690909;
790.258912;1098.386492;
791.578269;1087.000000;
792.688730;1076.951699;
793.724203;1066.964353;
794.491557;1058.022514;
795.717228;1049.280899;
796.868132;1041.576923;
797.972325;1034.232472;
798.818182;1027.348485;
799.922222;1021.670370;
800.775895;1016.052731;
801.557769;1011.402390;
802.936538;1007.396154;
803.831094;1003.804223;
804.922929;1001.381503;
805.864078;999.223301;
806.780392;997.413725;
807.978261;996.675889;
809.068834;996.260038;
810.094862;996.796443;
810.842209;997.607495;
811.935167;999.375246;
812.593750;1001.562500;
813.799235;1004.523901;
814.740883;1007.917466;
815.867188;1012.013672;
816.625483;1016.198842;
817.594961;1021.655039;
818.524366;1027.491228;
819.468165;1034.361423;
820.412200;1041.280961;
821.518591;1048.641879;
822.091248;1057.014898;
823.269598;1066.221797;
824.303473;1075.967093;
825.122677;1086.319703;
825.816135;1096.489681;
827.143667;1108.141777;
827.311445;1120.435272;
828.517361;1132.659722;
829.527728;1146.003578;
830.743682;1160.225632;
831.382003;1174.573854;
832.417376;1189.277683;
833.084079;1204.694097;
833.713768;1220.373188;
834.967298;1236.891566;
835.603448;1254.058621;
836.656794;1272.101045;
837.034826;1291.036484;
838.053068;1310.331675;
839.163880;1329.469900;
839.703959;1349.433735;
840.469072;1370.659794;
841.137255;1392.192810;
841.984615;1413.800000;
843.416000;1436.564800;
843.792393;1459.103011;
844.759664;1482.272269;
846.104334;1507.332263;
847.046154;1531.946154;
847.536776;1557.032864;
848.467875;1582.538715;
849.131329;1608.620253;
850.553655;1635.998445;
850.994228;1663.838384;
852.282051;1691.550528;
852.967376;1719.865248;
853.566230;1748.513828;
855.016541;1778.321805;
854.928068;1808.451340;
856.211332;1834.727412;
857.327586;1817.028736;
858.358434;1791.771084;
859.577912;1766.180030;
860.191523;1741.968603;
861.728840;1718.305643;
862.987281;1695.251192;
863.795491;1673.260870;
865.294686;1651.289855;
866.593548;1631.174194;
867.688552;1611.538721;
868.919658;1592.174359;
869.689716;1573.847518;
871.274276;1556.567291;
872.785473;1539.978041;
873.765812;1523.794872;
875.120690;1508.265517;
876.428088;1493.600677;
877.498258;1479.513937;
878.518851;1466.181329;
879.599244;1452.998110;
881.251366;1441.360656;
882.039427;1430.064516;
883.531250;1419.805147;
884.502793;1409.689013;
885.736283;1401.003540;
886.529190;1392.041431;
888.028674;1383.788530;
889.224138;1376.536398;
890.198502;1369.773408;
891.358382;1363.907514;
892.283054;1357.983240;
893.483083;1353.684211;
894.510055;1349.413163;
895.694915;1345.885122;
896.903166;1343.115456;
898.197318;1340.860153;
899.007491;1339.696629;
900.046992;1338.522556;
901.442940;1338.295938;
902.592233;1338.374757;
903.658088;1339.670956;
904.620952;1341.081905;
905.508738;1342.695146;
906.763209;1345.774951;
908.126606;1349.251376;
909.256030;1353.244898;
910.377982;1357.807339;
911.491228;1362.756335;
912.594393;1369.263551;
913.576628;1375.400383;
914.853890;1382.924099;
915.867041;1390.749064;
917.159176;1399.149813;
918.138196;1407.781190;
919.398510;1417.543762;
920.144689;1427.846154;
921.150579;1438.681467;
922.286751;1450.684211;
923.279783;1462.904332;
924.340000;1475.550909;
925.476440;1488.478185;
926.302768;1502.994810;
927.421338;1517.533454;
928.448097;1532.603806;
929.490231;1548.184725;
930.091711;1564.363316;
931.399654;1581.050173;
931.714286;1598.671429;
933.290780;1617.102837;
933.908938;1636.632378;
935.161458;1655.852431;
935.944354;1675.666121;
936.781982;1695.439640;
937.477612;1717.071310;
938.672158;1738.322900;
939.493464;1760.931373;
939.979764;1783.399663;
941.506173;1806.527778;
942.360983;1829.970814;
943.253566;1834.621236;
943.651888;1813.055829;
944.582781;1793.513245;
945.678636;1774.007181;
946.335155;1755.493625;
947.144665;1737.757685;
947.776817;1720.441176;
948.856887;1703.672630;
949.577491;1687.739852;
950.234317;1672.350554;
952.519713;1644.514337;
953.258427;1631.638577;
954.531429;1619.379048;
955.508637;1607.109405;
956.312384;1596.225508;
957.567108;1586.355388;
958.461825;1576.778399;
959.461248;1567.739130;
960.307252;1559.601145;
961.473098;1551.901670;
962.400729;1544.958106;
963.596040;1538.710891;
964.468809;1533.069943;
965.589744;1527.814596;
966.506667;1523.864762;
967.642857;1520.135338;
968.272912;1516.344196;
969.467456;1514.317554;
970.599609;1512.111328;
971.448617;1511.584980;
972.194499;1511.310413;
973.088889;1510.929293;
974.491396;1511.847036;
975.385356;1513.416185;
976.354528;1514.861272;
977.452381;1517.563492;
978.353965;1521.303675;
979.436399;1524.724070;
980.133588;1528.669847;
981.416350;1534.448669;
982.205176;1540.373383;
983.560000;1546.702857;
984.461394;1554.112994;
985.082677;1561.153543;
985.962264;1569.796226;
987.230624;1578.568998;
988.092391;1588.592391;
988.823735;1598.240838;
989.774074;1608.707407;
991.092559;1620.295826;
991.665428;1632.427509;
992.979245;1645.056604;
993.593750;1658.268382;
994.918561;1672.556818;
995.947748;1686.618018;
996.936479;1701.854809;
997.520619;1718.082474;
998.826549;1733.329204;
999.453752;1750.748691;
1000.899145;1768.531624;
1001.551095;1785.740876;
1002.441227;1804.194208;
1002.724739;1823.358885;
1004.330494;1840.328790;
1004.118151;1825.703767;
1004.508143;1809.568404;
1004.045704;1792.729433;
1004.984127;1778.051146;
1004.974775;1762.697297;
1004.963636;1748.114545;
1005.214286;1735.471429;
1005.463235;1722.068015;
1005.371585;1709.703097;
1005.387273;1698.734545;
1006.139330;1687.788360;
1005.948669;1677.239544;
1006.112116;1668.603978;
1006.528986;1659.427536;
1006.605263;1651.315789;
1007.209434;1643.450943;
1007.601504;1636.836466;
1007.744802;1630.954631;
1007.930712;1625.533708;
1008.239089;1620.540797;
1008.418919;1616.237452;
1008.914611;1612.550285;
1009.365854;1609.585366;
1009.680451;1608.268797;
1009.812620;1606.070746;
1010.250000;1604.637795;
1010.324478;1604.679317;
1010.544574;1604.998062;
1010.900810;1605.720648;
1011.432331;1607.672932;
1011.554913;1609.092486;
1012.105455;1612.421818;
1012.231343;1615.932836;
1012.847015;1620.264925;
1013.080153;1624.484733;
1013.236791;1629.933464;
1013.699048;1635.925714;
1013.853974;1642.639556;
1014.226236;1649.923954;
1014.703557;1657.895257;
1015.162264;1666.377358;
1015.296786;1675.094518;
1015.501832;1685.443223;
1015.803509;1695.585965;
1015.932862;1706.749117;
1016.557196;1717.583026;
1016.548673;1730.251327;
1016.952813;1743.500907;
1017.061644;1757.006849;
1017.539427;1771.263441;
1017.899130;1785.880000;
1018.274247;1800.876254;
1018.419080;1816.611584;
1018.731219;1833.270451;
1019.158076;1837.706186;
1018.958054;1823.451342;
1019.056856;1809.807692;
1018.854895;1796.176573;
1018.912500;1783.780357;
1019.229091;1772.212727;
1019.093863;1760.915162;
1018.748682;1749.924429;
1018.885362;1740.107584;
1018.808244;1730.713262;
1018.550459;1722.082569;
1018.717949;1713.822344;
1018.880000;1707.080000;
1018.725777;1700.457038;
1018.664193;1694.443414;
1018.781588;1689.296029;
1018.593573;1684.521739;
1018.831120;1680.425047;
1018.643510;1677.307130;
1018.554493;1674.434034;
1018.774566;1672.427746;
1018.673624;1671.053131;
1018.487941;1670.669759;
1018.662239;1670.461101;
1018.761905;1671.335165;
1018.572243;1672.072243;
1018.415879;1674.052930;
1018.796262;1676.312150;
1018.552381;1679.651429;
1018.560976;1683.028143;
1018.594444;1687.540741;
1018.966355;1692.233645;
1018.598470;1697.927342;
1018.918478;1704.155797;
1018.913124;1711.275416;
1019.091873;1718.952297;
1018.710821;1726.311567;
1019.248677;1735.686067;
1019.204668;1745.228007;
1019.239130;1754.949275;
1019.200355;1765.629433;
1019.380435;1777.166667;
1019.309160;1788.438931;
1019.221640;1801.052356;
1019.186207;1813.941379;
1019.156766;1828.021452;
1019.266071;1841.305357;
1019.435294;1834.070588;
1019.381982;1821.156757;
1019.509769;1809.472469;
1019.716338;1797.746858;
1019.641953;1787.768535;
1020.113852;1778.593928;
1020.181159;1769.442029;
1020.609800;1760.905626;
1020.530418;1752.477186;
1020.694545;1745.421818;
1021.025974;1739.152134;
1021.019784;1733.095324;
1021.293358;1727.830258;
1021.200750;1723.317073;
1021.625461;1719.472325;
1021.660232;1716.137066;
1021.966667;1713.570370;
1022.170172;1711.390057;
1022.321429;1710.614662;
1022.493282;1710.090211;
1022.585413;1709.886756;
1022.925512;1710.489758;
1022.787992;1711.994371;
1023.018975;1713.364326;
1023.341509;1716.122642;
1023.712121;1719.075758;
1024.105058;1722.579767;
1023.986916;1726.960748;
1024.493716;1732.109515;
1024.676364;1737.792727;
1024.937615;1744.220183;
1025.106033;1751.122486;
1025.276952;1758.871747;
1025.521277;1767.471631;
1025.887218;1775.234962;
1025.840691;1784.602687;
1025.965577;1794.621343;
1026.631218;1805.560892;
1026.417103;1816.928447;
1027.452594;1828.413238;
1027.396194;1841.006920;
1027.440415;1837.772021;
1027.409253;1826.411032;
1027.843643;1816.123711;
1027.973498;1806.397527;
1028.028021;1797.835377;
1028.178506;1789.081967;
1028.805505;1781.539450;
1028.889892;1774.453069;
1029.040351;1767.819298;
1029.570652;1761.934783;
1029.720217;1757.012635;
1030.240143;1752.039427;
1030.318264;1748.068716;
1030.937943;1745.086879;
1031.086239;1742.308257;
1031.247723;1740.406193;
1031.725664;1738.969912;
1032.130973;1738.391150;
1032.300353;1738.169611;
1032.592129;1738.644007;
1033.063063;1740.246847;
1032.918367;1741.634508;
1033.496454;1744.303191;
1034.107965;1747.515044;
1034.414508;1751.231434;
1034.624782;1755.795812;
1035.000000;1761.055944;
1034.941489;1766.537234;
1035.575868;1772.654479;
1035.866426;1779.373646;
1036.120354;1787.024779;
1036.415652;1795.455652;
1036.692437;1804.169748;
1037.074913;1813.850174;
1037.578207;1823.998243;
1038.051282;1834.748397;
1038.108291;1843.984772;
1038.417208;1836.444805;
1038.809689;1826.159170;
1038.980668;1817.476274;
1039.364437;1809.246479;
1039.718638;1801.254480;
1039.737030;1794.169946;
1040.403571;1788.351786;
1040.549123;1782.378947;
1040.529730;1777.383784;
1041.007181;1772.847397;
1040.416667;1770.186170;
1040.135182;1767.970537;
1040.886894;1765.105925;
1041.401421;1763.147425;
1042.255435;1760.965580;
1043.298148;1760.281481;
1042.453552;1761.466302;
1042.694394;1761.844485;
1042.929577;1763.869718;
1042.968531;1765.909091;
1043.954783;1768.180870;
1043.874317;1771.766849;
