0;0;0.5;;0;4;1;;0;0;0;;
0;0.004;0.501;;0;3.99684;0.991731;;0;-3.16098;-8.26901;;
0;0.00799684;0.501992;;0;3.99368;0.983471;;0;-3.15615;-8.26016;;
0;0.0119905;0.502975;;0;3.99053;0.975219;;0;-3.15135;-8.25134;;
0;0.0159811;0.50395;;0;3.98738;0.966977;;0;-3.14658;-8.24255;;
0;0.0199684;0.504917;;0;3.98424;0.958743;;0;-3.14183;-8.23379;;
0;0.0239527;0.505876;;0;3.98111;0.950518;;0;-3.1371;-8.22506;;
0;0.0279338;0.506827;;0;3.97797;0.942302;;0;-3.1324;-8.21636;;
0;0.0319118;0.507769;;0;3.97485;0.934094;;0;-3.12772;-8.20768;;
0;0.0358866;0.508703;;0;3.97172;0.925895;;0;-3.12307;-8.19904;;
0;0.0398583;0.509629;;0;3.9686;0.917705;;0;-3.11844;-8.19043;;
0;0.0438269;0.510547;;0;3.96549;0.909523;;0;-3.11384;-8.18184;;
0;0.0477924;0.511456;;0;3.96238;0.901349;;0;-3.10926;-8.17328;;
0;0.0517548;0.512358;;0;3.95928;0.893185;;0;-3.1047;-8.16475;;
0;0.0557141;0.513251;;0;3.95618;0.885028;;0;-3.10017;-8.15625;;
0;0.0596703;0.514136;;0;3.95308;0.876881;;0;-3.09566;-8.14778;;
0;0.0636233;0.515013;;0;3.94999;0.868741;;0;-3.09117;-8.13933;;
0;0.0675733;0.515881;;0;3.9469;0.86061;;0;-3.08671;-8.13091;;
0;0.0715202;0.516742;;0;3.94382;0.852488;;0;-3.08227;-8.12252;;
0;0.0754641;0.517594;;0;3.94074;0.844374;;0;-3.07785;-8.11416;;
0;0.0794048;0.518439;;0;3.93767;0.836268;;0;-3.07346;-8.10583;;
0;0.0833425;0.519275;;0;3.9346;0.82817;;0;-3.06909;-8.09752;;
0;0.0872771;0.520103;;0;3.93154;0.820081;;0;-3.06475;-8.08924;;
0;0.0912086;0.520923;;0;3.92848;0.812;;0;-3.06042;-8.08098;;
0;0.0951371;0.521735;;0;3.92542;0.803927;;0;-3.05612;-8.07275;;
0;0.0990625;0.522539;;0;3.92237;0.795863;;0;-3.05185;-8.06455;;
0;0.102985;0.523335;;0;3.91932;0.787807;;0;-3.04759;-8.05637;;
0;0.106904;0.524123;;0;3.91628;0.779758;;0;-3.04336;-8.04823;;
0;0.11082;0.524903;;0;3.91324;0.771718;;0;-3.03915;-8.0401;;
0;0.114734;0.525674;;0;3.9102;0.763686;;0;-3.03497;-8.032;;
0;0.118644;0.526438;;0;3.90717;0.755662;;0;-3.0308;-8.02393;;
0;0.122551;0.527194;;0;3.90414;0.747646;;0;-3.02666;-8.01589;;
0;0.126455;0.527941;;0;3.90112;0.739639;;0;-3.02254;-8.00787;;
0;0.130356;0.528681;;0;3.8981;0.731639;;0;-3.01844;-7.99987;;
0;0.134254;0.529413;;0;3.89509;0.723647;;0;-3.01437;-7.9919;;
0;0.13815;0.530136;;0;3.89208;0.715663;;0;-3.01032;-7.98395;;
0;0.142042;0.530852;;0;3.88907;0.707687;;0;-3.00629;-7.97603;;
0;0.145931;0.53156;;0;3.88607;0.699719;;0;-3.00228;-7.96814;;
0;0.149817;0.532259;;0;3.88307;0.691758;;0;-2.99829;-7.96027;;
0;0.1537;0.532951;;0;3.88008;0.683806;;0;-2.99433;-7.95242;;
0;0.15758;0.533635;;0;3.87709;0.675861;;0;-2.99038;-7.9446;;
0;0.161457;0.534311;;0;3.8741;0.667925;;0;-2.98646;-7.9368;;
0;0.165331;0.534979;;0;3.87112;0.659996;;0;-2.98256;-7.92902;;
0;0.169202;0.535639;;0;3.86814;0.652074;;0;-2.97868;-7.92127;;
0;0.17307;0.536291;;0;3.86516;0.644161;;0;-2.97483;-7.91355;;
0;0.176936;0.536935;;0;3.86219;0.636255;;0;-2.97099;-7.90584;;
0;0.180798;0.537571;;0;3.85923;0.628357;;0;-2.96718;-7.89816;;
0;0.184657;0.5382;;0;3.85626;0.620466;;0;-2.96338;-7.89051;;
0;0.188513;0.53882;;0;3.8533;0.612583;;0;-2.95961;-7.88287;;
0;0.192366;0.539433;;0;3.85035;0.604708;;0;-2.95586;-7.87526;;
0;0.196217;0.540037;;0;3.8474;0.59684;;0;-2.95213;-7.86767;;
0;0.200064;0.540634;;0;3.84445;0.58898;;0;-2.94842;-7.86011;;
0;0.203909;0.541223;;0;3.8415;0.581128;;0;-2.94473;-7.85257;;
0;0.20775;0.541804;;0;3.83856;0.573283;;0;-2.94107;-7.84505;;
0;0.211589;0.542378;;0;3.83562;0.565445;;0;-2.93742;-7.83755;;
0;0.215424;0.542943;;0;3.83269;0.557615;;0;-2.9338;-7.83007;;
0;0.219257;0.543501;;0;3.82976;0.549792;;0;-2.93019;-7.82262;;
0;0.223087;0.54405;;0;3.82683;0.541977;;0;-2.92661;-7.81519;;
0;0.226914;0.544592;;0;3.82391;0.534169;;0;-2.92304;-7.80778;;
0;0.230738;0.545127;;0;3.82099;0.526369;;0;-2.9195;-7.80039;;
0;0.234559;0.545653;;0;3.81807;0.518576;;0;-2.91598;-7.79303;;
0;0.238377;0.546172;;0;3.81516;0.51079;;0;-2.91247;-7.78568;;
0;0.242192;0.546682;;0;3.81225;0.503012;;0;-2.90899;-7.77836;;
0;0.246004;0.547185;;0;3.80935;0.495241;;0;-2.90553;-7.77106;;
0;0.249813;0.547681;;0;3.80645;0.487477;;0;-2.90208;-7.76377;;
0;0.25362;0.548168;;0;3.80355;0.479721;;0;-2.89866;-7.75651;;
0;0.257423;0.548648;;0;3.80065;0.471971;;0;-2.89526;-7.74927;;
0;0.261224;0.54912;;0;3.79776;0.464229;;0;-2.89188;-7.74206;;
0;0.265022;0.549584;;0;3.79487;0.456494;;0;-2.88851;-7.73486;;
0;0.268817;0.55004;;0;3.79199;0.448767;;0;-2.88517;-7.72768;;
0;0.272609;0.550489;;0;3.7891;0.441046;;0;-2.88185;-7.72052;;
0;0.276398;0.55093;;0;3.78623;0.433333;;0;-2.87854;-7.71338;;
0;0.280184;0.551364;;0;3.78335;0.425627;;0;-2.87526;-7.70626;;
0;0.283967;0.551789;;0;3.78048;0.417927;;0;-2.87199;-7.69917;;
0;0.287748;0.552207;;0;3.77761;0.410235;;0;-2.86875;-7.69209;;
0;0.291525;0.552617;;0;3.77474;0.40255;;0;-2.86552;-7.68503;;
0;0.2953;0.55302;;0;3.77188;0.394872;;0;-2.86231;-7.67799;;
0;0.299072;0.553415;;0;3.76902;0.387201;;0;-2.85913;-7.67097;;
0;0.302841;0.553802;;0;3.76617;0.379537;;0;-2.85596;-7.66397;;
0;0.306607;0.554182;;0;3.76331;0.37188;;0;-2.85281;-7.65699;;
0;0.310371;0.554553;;0;3.76046;0.36423;;0;-2.84968;-7.65003;;
0;0.314131;0.554918;;0;3.75762;0.356587;;0;-2.84657;-7.64308;;
0;0.317889;0.555274;;0;3.75477;0.348951;;0;-2.84347;-7.63616;;
0;0.321643;0.555623;;0;3.75193;0.341322;;0;-2.8404;-7.62925;;
0;0.325395;0.555965;;0;3.7491;0.3337;;0;-2.83734;-7.62236;;
0;0.329144;0.556298;;0;3.74626;0.326084;;0;-2.83431;-7.6155;;
0;0.332891;0.556624;;0;3.74343;0.318475;;0;-2.83129;-7.60864;;
0;0.336634;0.556943;;0;3.7406;0.310874;;0;-2.82829;-7.60181;;
0;0.340375;0.557254;;0;3.73778;0.303279;;0;-2.82531;-7.595;;
0;0.344113;0.557557;;0;3.73496;0.29569;;0;-2.82235;-7.5882;;
0;0.347847;0.557853;;0;3.73214;0.288109;;0;-2.8194;-7.58142;;
0;0.35158;0.558141;;0;3.72932;0.280534;;0;-2.81648;-7.57466;;
0;0.355309;0.558421;;0;3.72651;0.272966;;0;-2.81357;-7.56792;;
0;0.359035;0.558694;;0;3.7237;0.265405;;0;-2.81068;-7.56119;;
0;0.362759;0.55896;;0;3.72089;0.257851;;0;-2.80781;-7.55448;;
0;0.36648;0.559218;;0;3.71808;0.250303;;0;-2.80496;-7.54779;;
0;0.370198;0.559468;;0;3.71528;0.242762;;0;-2.80212;-7.54111;;
0;0.373913;0.559711;;0;3.71248;0.235227;;0;-2.79931;-7.53446;;
0;0.377626;0.559946;;0;3.70968;0.2277;;0;-2.79651;-7.52782;;
0;0.381336;0.560174;;0;3.70689;0.220178;;0;-2.79373;-7.52119;;
0;0.385042;0.560394;;0;3.7041;0.212664;;0;-2.79096;-7.51458;;
0;0.388747;0.560606;;0;3.70131;0.205156;;0;-2.78822;-7.50799;;
0;0.392448;0.560811;;0;3.69853;0.197654;;0;-2.78549;-7.50142;;
0;0.396146;0.561009;;0;3.69574;0.190159;;0;-2.78278;-7.49486;;
0;0.399842;0.561199;;0;3.69296;0.182671;;0;-2.78009;-7.48832;;
0;0.403535;0.561382;;0;3.69019;0.175189;;0;-2.77741;-7.48179;;
0;0.407225;0.561557;;0;3.68741;0.167714;;0;-2.77475;-7.47528;;
0;0.410913;0.561725;;0;3.68464;0.160245;;0;-2.77211;-7.46879;;
0;0.414597;0.561885;;0;3.68187;0.152783;;0;-2.76949;-7.46231;;
0;0.418279;0.562038;;0;3.6791;0.145327;;0;-2.76688;-7.45585;;
0;0.421958;0.562183;;0;3.67634;0.137878;;0;-2.76429;-7.4494;;
0;0.425635;0.562321;;0;3.67358;0.130435;;0;-2.76172;-7.44297;;
0;0.429308;0.562452;;0;3.67082;0.122998;;0;-2.75917;-7.43655;;
0;0.432979;0.562575;;0;3.66806;0.115568;;0;-2.75663;-7.43015;;
0;0.436647;0.56269;;0;3.66531;0.108144;;0;-2.75411;-7.42377;;
0;0.440312;0.562798;;0;3.66255;0.100727;;0;-2.7516;-7.4174;;
0;0.443975;0.562899;;0;3.65981;0.0933158;;0;-2.74912;-7.41104;;
0;0.447635;0.562992;;0;3.65706;0.0859111;;0;-2.74665;-7.4047;;
0;0.451292;0.563078;;0;3.65431;0.0785128;;0;-2.74419;-7.39837;;
0;0.454946;0.563157;;0;3.65157;0.0711207;;0;-2.74176;-7.39206;;
0;0.458598;0.563228;;0;3.64883;0.0637349;;0;-2.73934;-7.38576;;
0;0.462247;0.563292;;0;3.6461;0.0563555;;0;-2.73693;-7.37948;;
0;0.465893;0.563348;;0;3.64336;0.0489822;;0;-2.73455;-7.37321;;
0;0.469536;0.563397;;0;3.64063;0.0416153;;0;-2.73218;-7.36695;;
0;0.473177;0.563439;;0;3.6379;0.0342546;;0;-2.72982;-7.36071;;
0;0.476815;0.563473;;0;3.63517;0.0269001;;0;-2.72748;-7.35449;;
0;0.48045;0.5635;;0;3.63245;0.0195518;;0;-2.72516;-7.34827;;
0;0.484082;0.563519;;0;3.62972;0.0122097;;0;-2.72286;-7.34207;;
0;0.487712;0.563531;;0;3.627;0.00487386;;0;-2.72057;-7.33589;;
0;0.491339;0.563536;;0;3.62429;-0.00245586;;0;-2.71829;-7.32972;;
0;0.494963;0.563534;;0;3.62157;-0.00977941;;0;-2.71604;-7.32356;;
0;0.498585;0.563524;;0;3.61886;-0.0170968;;0;-2.71379;-7.31741;;
0;0.502204;0.563507;;0;3.61614;-0.0244081;;0;-2.71157;-7.31128;;
0;0.50582;0.563483;;0;3.61344;-0.0317133;;0;-2.70936;-7.30516;;
0;0.509433;0.563451;;0;3.61073;-0.0390123;;0;-2.70717;-7.29905;;
0;0.513044;0.563412;;0;3.60802;-0.0463053;;0;-2.70499;-7.29296;;
0;0.516652;0.563366;;0;3.60532;-0.0535922;;0;-2.70283;-7.28688;;
0;0.520257;0.563312;;0;3.60262;-0.060873;;0;-2.70068;-7.28081;;
0;0.52386;0.563251;;0;3.59992;-0.0681477;;0;-2.69855;-7.27476;;
0;0.52746;0.563183;;0;3.59722;-0.0754164;;0;-2.69643;-7.26871;;
0;0.531057;0.563108;;0;3.59453;-0.0826791;;0;-2.69433;-7.26268;;
0;0.534652;0.563025;;0;3.59184;-0.0899358;;0;-2.69225;-7.25666;;
0;0.538243;0.562935;;0;3.58915;-0.0971864;;0;-2.69018;-7.25066;;
0;0.541833;0.562838;;0;3.58646;-0.104431;;0;-2.68812;-7.24466;;
0;0.545419;0.562733;;0;3.58377;-0.11167;;0;-2.68608;-7.23868;;
0;0.549003;0.562622;;0;3.58109;-0.118902;;0;-2.68406;-7.23271;;
0;0.552584;0.562503;;0;3.57841;-0.126129;;0;-2.68205;-7.22676;;
0;0.556162;0.562377;;0;3.57573;-0.13335;;0;-2.68006;-7.22081;;
0;0.559738;0.562243;;0;3.57305;-0.140565;;0;-2.67808;-7.21487;;
0;0.563311;0.562103;;0;3.57037;-0.147774;;0;-2.67612;-7.20895;;
0;0.566881;0.561955;;0;3.5677;-0.154977;;0;-2.67417;-7.20304;;
0;0.570449;0.5618;;0;3.56503;-0.162174;;0;-2.67224;-7.19714;;
0;0.574014;0.561638;;0;3.56236;-0.169365;;0;-2.67032;-7.19125;;
0;0.577576;0.561468;;0;3.55969;-0.176551;;0;-2.66841;-7.18537;;
0;0.581136;0.561292;;0;3.55702;-0.18373;;0;-2.66652;-7.17951;;
0;0.584693;0.561108;;0;3.55436;-0.190904;;0;-2.66465;-7.17365;;
0;0.588248;0.560917;;0;3.55169;-0.198072;;0;-2.66279;-7.16781;;
0;0.591799;0.560719;;0;3.54903;-0.205234;;0;-2.66094;-7.16197;;
0;0.595348;0.560514;;0;3.54637;-0.21239;;0;-2.65911;-7.15615;;
0;0.598895;0.560302;;0;3.54372;-0.21954;;0;-2.6573;-7.15033;;
0;0.602438;0.560082;;0;3.54106;-0.226685;;0;-2.6555;-7.14453;;
0;0.605979;0.559855;;0;3.53841;-0.233823;;0;-2.65371;-7.13874;;
0;0.609518;0.559621;;0;3.53576;-0.240956;;0;-2.65193;-7.13296;;
0;0.613054;0.559381;;0;3.53311;-0.248084;;0;-2.65017;-7.12719;;
0;0.616587;0.559132;;0;3.53046;-0.255205;;0;-2.64843;-7.12143;;
0;0.620117;0.558877;;0;3.52781;-0.262321;;0;-2.6467;-7.11568;;
0;0.623645;0.558615;;0;3.52517;-0.269431;;0;-2.64498;-7.10993;;
0;0.62717;0.558345;;0;3.52252;-0.276535;;0;-2.64328;-7.1042;;
0;0.630693;0.558069;;0;3.51988;-0.283633;;0;-2.64159;-7.09848;;
0;0.634213;0.557785;;0;3.51724;-0.290726;;0;-2.63991;-7.09277;;
0;0.63773;0.557495;;0;3.5146;-0.297813;;0;-2.63825;-7.08707;;
0;0.641244;0.557197;;0;3.51197;-0.304894;;0;-2.63661;-7.08138;;
0;0.644756;0.556892;;0;3.50933;-0.31197;;0;-2.63497;-7.07569;;
0;0.648266;0.55658;;0;3.5067;-0.31904;;0;-2.63335;-7.07002;;
0;0.651772;0.556261;;0;3.50407;-0.326105;;0;-2.63175;-7.06435;;
0;0.655276;0.555935;;0;3.50144;-0.333163;;0;-2.63015;-7.0587;;
0;0.658778;0.555602;;0;3.49881;-0.340216;;0;-2.62857;-7.05305;;
0;0.662277;0.555261;;0;3.49618;-0.347264;;0;-2.62701;-7.04742;;
0;0.665773;0.554914;;0;3.49355;-0.354305;;0;-2.62546;-7.04179;;
0;0.669266;0.55456;;0;3.49093;-0.361342;;0;-2.62392;-7.03617;;
0;0.672757;0.554198;;0;3.48831;-0.368372;;0;-2.62239;-7.03056;;
0;0.676246;0.55383;;0;3.48569;-0.375397;;0;-2.62088;-7.02496;;
0;0.679731;0.553455;;0;3.48307;-0.382417;;0;-2.61938;-7.01936;;
0;0.683214;0.553072;;0;3.48045;-0.38943;;0;-2.61789;-7.01378;;
0;0.686695;0.552683;;0;3.47783;-0.396438;;0;-2.61642;-7.0082;;
0;0.690173;0.552286;;0;3.47522;-0.403441;;0;-2.61496;-7.00263;;
0;0.693648;0.551883;;0;3.47261;-0.410438;;0;-2.61351;-6.99707;;
0;0.697121;0.551473;;0;3.46999;-0.41743;;0;-2.61208;-6.99152;;
0;0.700591;0.551055;;0;3.46738;-0.424416;;0;-2.61066;-6.98598;;
0;0.704058;0.550631;;0;3.46477;-0.431396;;0;-2.60925;-6.98044;;
0;0.707523;0.550199;;0;3.46217;-0.438371;;0;-2.60786;-6.97491;;
0;0.710985;0.549761;;0;3.45956;-0.44534;;0;-2.60647;-6.96939;;
0;0.714444;0.549316;;0;3.45695;-0.452304;;0;-2.6051;-6.96388;;
0;0.717901;0.548863;;0;3.45435;-0.459263;;0;-2.60375;-6.95838;;
0;0.721356;0.548404;;0;3.45175;-0.466216;;0;-2.6024;-6.95288;;
0;0.724807;0.547938;;0;3.44915;-0.473163;;0;-2.60107;-6.94739;;
0;0.728257;0.547465;;0;3.44655;-0.480105;;0;-2.59975;-6.94191;;
0;0.731703;0.546985;;0;3.44395;-0.487041;;0;-2.59844;-6.93644;;
0;0.735147;0.546497;;0;3.44135;-0.493972;;0;-2.59715;-6.93097;;
0;0.738588;0.546004;;0;3.43876;-0.500898;;0;-2.59587;-6.92551;;
0;0.742027;0.545503;;0;3.43616;-0.507818;;0;-2.5946;-6.92006;;
0;0.745463;0.544995;;0;3.43357;-0.514732;;0;-2.59334;-6.91461;;
0;0.748897;0.54448;;0;3.43098;-0.521642;;0;-2.59209;-6.90917;;
0;0.752328;0.543958;;0;3.42838;-0.528545;;0;-2.59086;-6.90374;;
0;0.755756;0.54343;;0;3.42579;-0.535444;;0;-2.58964;-6.89832;;
0;0.759182;0.542894;;0;3.42321;-0.542337;;0;-2.58843;-6.8929;;
0;0.762605;0.542352;;0;3.42062;-0.549224;;0;-2.58723;-6.88749;;
0;0.766026;0.541803;;0;3.41803;-0.556106;;0;-2.58605;-6.88208;;
0;0.769444;0.541247;;0;3.41545;-0.562983;;0;-2.58487;-6.87668;;
0;0.772859;0.540684;;0;3.41286;-0.569854;;0;-2.58371;-6.87129;;
0;0.776272;0.540114;;0;3.41028;-0.57672;;0;-2.58256;-6.86591;;
0;0.779683;0.539537;;0;3.4077;-0.583581;;0;-2.58142;-6.86053;;
0;0.78309;0.538954;;0;3.40512;-0.590436;;0;-2.5803;-6.85516;;
0;0.786495;0.538363;;0;3.40254;-0.597286;;0;-2.57918;-6.84979;;
0;0.789898;0.537766;;0;3.39996;-0.60413;;0;-2.57808;-6.84443;;
0;0.793298;0.537162;;0;3.39739;-0.610969;;0;-2.57698;-6.83907;;
0;0.796695;0.536551;;0;3.39481;-0.617803;;0;-2.5759;-6.83373;;
0;0.80009;0.535933;;0;3.39224;-0.624631;;0;-2.57484;-6.82838;;
0;0.803482;0.535308;;0;3.38966;-0.631454;;0;-2.57378;-6.82305;;
0;0.806872;0.534677;;0;3.38709;-0.638272;;0;-2.57273;-6.81771;;
0;0.810259;0.534039;;0;3.38452;-0.645084;;0;-2.5717;-6.81239;;
0;0.813644;0.533394;;0;3.38195;-0.651891;;0;-2.57067;-6.80707;;
0;0.817025;0.532742;;0;3.37938;-0.658693;;0;-2.56966;-6.80175;;
0;0.820405;0.532083;;0;3.37681;-0.66549;;0;-2.56866;-6.79645;;
0;0.823782;0.531417;;0;3.37424;-0.672281;;0;-2.56767;-6.79114;;
0;0.827156;0.530745;;0;3.37167;-0.679067;;0;-2.56669;-6.78584;;
0;0.830528;0.530066;;0;3.36911;-0.685847;;0;-2.56572;-6.78055;;
0;0.833897;0.52938;;0;3.36654;-0.692622;;0;-2.56476;-6.77526;;
0;0.837263;0.528688;;0;3.36398;-0.699392;;0;-2.56381;-6.76998;;
0;0.840627;0.527988;;0;3.36142;-0.706157;;0;-2.56288;-6.7647;;
0;0.843989;0.527282;;0;3.35885;-0.712916;;0;-2.56195;-6.75943;;
0;0.847347;0.526569;;0;3.35629;-0.719671;;0;-2.56104;-6.75416;;
0;0.850704;0.52585;;0;3.35373;-0.72642;;0;-2.56013;-6.7489;;
0;0.854058;0.525123;;0;3.35117;-0.733163;;0;-2.55924;-6.74364;;
0;0.857409;0.52439;;0;3.34862;-0.739902;;0;-2.55836;-6.73839;;
0;0.860757;0.52365;;0;3.34606;-0.746635;;0;-2.55749;-6.73314;;
0;0.864103;0.522903;;0;3.3435;-0.753363;;0;-2.55662;-6.72789;;
0;0.867447;0.52215;;0;3.34095;-0.760085;;0;-2.55577;-6.72266;;
0;0.870788;0.52139;;0;3.33839;-0.766803;;0;-2.55493;-6.71742;;
0;0.874126;0.520623;;0;3.33584;-0.773515;;0;-2.5541;-6.71219;;
0;0.877462;0.51985;;0;3.33328;-0.780222;;0;-2.55328;-6.70696;;
0;0.880795;0.519069;;0;3.33073;-0.786924;;0;-2.55247;-6.70174;;
0;0.884126;0.518283;;0;3.32818;-0.79362;;0;-2.55167;-6.69652;;
0;0.887454;0.517489;;0;3.32563;-0.800311;;0;-2.55088;-6.69131;;
0;0.89078;0.516689;;0;3.32308;-0.806997;;0;-2.5501;-6.6861;;
0;0.894103;0.515882;;0;3.32053;-0.813678;;0;-2.54933;-6.68089;;
0;0.897423;0.515068;;0;3.31798;-0.820354;;0;-2.54857;-6.67569;;
0;0.900741;0.514248;;0;3.31543;-0.827025;;0;-2.54782;-6.67049;;
0;0.904057;0.513421;;0;3.31289;-0.83369;;0;-2.54708;-6.6653;;
0;0.90737;0.512587;;0;3.31034;-0.84035;;0;-2.54635;-6.66011;;
0;0.91068;0.511746;;0;3.30779;-0.847005;;0;-2.54563;-6.65492;;
0;0.913988;0.510899;;0;3.30525;-0.853655;;0;-2.54492;-6.64974;;
0;0.917293;0.510046;;0;3.3027;-0.860299;;0;-2.54422;-6.64456;;
0;0.920596;0.509186;;0;3.30016;-0.866939;;0;-2.54353;-6.63938;;
0;0.923896;0.508319;;0;3.29762;-0.873573;;0;-2.54285;-6.63421;;
0;0.927194;0.507445;;0;3.29508;-0.880202;;0;-2.54217;-6.62904;;
0;0.930489;0.506565;;0;3.29253;-0.886826;;0;-2.54151;-6.62387;;
0;0.933781;0.505678;;0;3.28999;-0.893444;;0;-2.54086;-6.61871;;
0;0.937071;0.504785;;0;3.28745;-0.900058;;0;-2.54021;-6.61355;;
0;0.940359;0.503884;;0;3.28491;-0.906666;;0;-2.53958;-6.60839;;
0;0.943644;0.502978;;0;3.28237;-0.91327;;0;-2.53895;-6.60324;;
0;0.946926;0.502065;;0;3.27984;-0.919868;;0;-2.53834;-6.59809;;
0;0.950206;0.501145;;0;3.2773;-0.926461;;0;-2.53773;-6.59294;;
0;0.953483;0.500218;;0;3.27476;-0.933048;;0;-2.53713;-6.5878;;
0;0.956758;0.499285;;0;3.27223;-0.939631;;0;-2.53654;-6.58266;;
0;0.96003;0.498346;;0;3.26969;-0.946209;;0;-2.53596;-6.57752;;
0;0.9633;0.497399;;0;3.26715;-0.952781;;0;-2.53539;-6.57238;;
0;0.966567;0.496447;;0;3.26462;-0.959348;;0;-2.53483;-6.56725;;
0;0.969832;0.495487;;0;3.26208;-0.96591;;0;-2.53428;-6.56212;;
0;0.973094;0.494521;;0;3.25955;-0.972467;;0;-2.53373;-6.55699;;
0;0.976353;0.493549;;0;3.25702;-0.979019;;0;-2.5332;-6.55187;;
0;0.97961;0.49257;;0;3.25449;-0.985566;;0;-2.53267;-6.54674;;
0;0.982865;0.491584;;0;3.25195;-0.992108;;0;-2.53215;-6.54162;;
0;0.986117;0.490592;;0;3.24942;-0.998644;;0;-2.53164;-6.53651;;
0;0.989366;0.489593;;0;3.24689;-1.00518;;0;-2.53114;-6.53139;;
0;0.992613;0.488588;;0;3.24436;-1.0117;;0;-2.53065;-6.52628;;
0;0.995857;0.487577;;0;3.24183;-1.01822;;0;-2.53016;-6.52116;;
0;0.999099;0.486558;;0;3.2393;-1.02474;;0;-2.52969;-6.51606;;
0;1.00234;0.485534;;0;3.23677;-1.03125;;0;-2.52922;-6.51095;;
0;1.00558;0.484502;;0;3.23424;-1.03776;;0;-2.52876;-6.50584;;
0;1.00881;0.483465;;0;3.23171;-1.04426;;0;-2.52831;-6.50074;;
0;1.01204;0.48242;;0;3.22919;-1.05075;;0;-2.52787;-6.49564;;
0;1.01527;0.48137;;0;3.22666;-1.05724;;0;-2.52744;-6.49054;;
0;1.0185;0.480312;;0;3.22413;-1.06373;;0;-2.52701;-6.48544;;
0;1.02172;0.479249;;0;3.2216;-1.07021;;0;-2.5266;-6.48035;;
0;1.02494;0.478178;;0;3.21908;-1.07668;;0;-2.52619;-6.47526;;
0;1.02816;0.477102;;0;3.21655;-1.08315;;0;-2.52578;-6.47016;;
0;1.03138;0.476019;;0;3.21403;-1.08962;;0;-2.52539;-6.46507;;
0;1.03459;0.474929;;0;3.2115;-1.09608;;0;-2.52501;-6.45999;;
0;1.0378;0.473833;;0;3.20898;-1.10253;;0;-2.52463;-6.4549;;
0;1.04101;0.47273;;0;3.20645;-1.10898;;0;-2.52426;-6.44981;;
0;1.04422;0.471621;;0;3.20393;-1.11543;;0;-2.5239;-6.44473;;
0;1.04742;0.470506;;0;3.20141;-1.12187;;0;-2.52354;-6.43965;;
0;1.05062;0.469384;;0;3.19888;-1.1283;;0;-2.5232;-6.43457;;
0;1.05382;0.468256;;0;3.19636;-1.13473;;0;-2.52286;-6.42949;;
0;1.05702;0.467121;;0;3.19384;-1.14116;;0;-2.52252;-6.42441;;
0;1.06021;0.46598;;0;3.19131;-1.14758;;0;-2.5222;-6.41933;;
0;1.06341;0.464832;;0;3.18879;-1.15399;;0;-2.52188;-6.41425;;
0;1.06659;0.463678;;0;3.18627;-1.1604;;0;-2.52158;-6.40918;;
0;1.06978;0.462518;;0;3.18375;-1.1668;;0;-2.52127;-6.40411;;
0;1.07296;0.461351;;0;3.18123;-1.1732;;0;-2.52098;-6.39903;;
0;1.07615;0.460178;;0;3.17871;-1.1796;;0;-2.52069;-6.39396;;
0;1.07932;0.458998;;0;3.17619;-1.18599;;0;-2.52041;-6.38889;;
0;1.0825;0.457812;;0;3.17367;-1.19237;;0;-2.52014;-6.38382;;
0;1.08567;0.45662;;0;3.17115;-1.19875;;0;-2.51988;-6.37875;;
0;1.08884;0.455421;;0;3.16863;-1.20512;;0;-2.51962;-6.37368;;
0;1.09201;0.454216;;0;3.16611;-1.21149;;0;-2.51937;-6.36862;;
0;1.09518;0.453005;;0;3.16359;-1.21785;;0;-2.51912;-6.36355;;
0;1.09834;0.451787;;0;3.16107;-1.22421;;0;-2.51889;-6.35848;;
0;1.1015;0.450563;;0;3.15855;-1.23057;;0;-2.51866;-6.35342;;
0;1.10466;0.449332;;0;3.15603;-1.23691;;0;-2.51843;-6.34836;;
0;1.10782;0.448095;;0;3.15352;-1.24326;;0;-2.51822;-6.34329;;
0;1.11097;0.446852;;0;3.151;-1.2496;;0;-2.51801;-6.33823;;
0;1.11412;0.445602;;0;3.14848;-1.25593;;0;-2.51781;-6.33317;;
0;1.11727;0.444346;;0;3.14596;-1.26226;;0;-2.51761;-6.3281;;
0;1.12042;0.443084;;0;3.14345;-1.26858;;0;-2.51742;-6.32304;;
0;1.12356;0.441815;;0;3.14093;-1.2749;;0;-2.51724;-6.31798;;
0;1.1267;0.440541;;0;3.13841;-1.28121;;0;-2.51706;-6.31292;;
0;1.12984;0.439259;;0;3.13589;-1.28752;;0;-2.51689;-6.30786;;
0;1.13298;0.437972;;0;3.13338;-1.29382;;0;-2.51673;-6.3028;;
0;1.13611;0.436678;;0;3.13086;-1.30012;;0;-2.51657;-6.29774;;
0;1.13924;0.435378;;0;3.12834;-1.30641;;0;-2.51642;-6.29268;;
0;1.14237;0.434071;;0;3.12583;-1.3127;;0;-2.51628;-6.28762;;
0;1.14549;0.432759;;0;3.12331;-1.31898;;0;-2.51614;-6.28256;;
0;1.14862;0.43144;;0;3.1208;-1.32526;;0;-2.51601;-6.2775;;
0;1.15174;0.430115;;0;3.11828;-1.33153;;0;-2.51588;-6.27244;;
0;1.15486;0.428783;;0;3.11576;-1.3378;;0;-2.51576;-6.26738;;
0;1.15797;0.427445;;0;3.11325;-1.34406;;0;-2.51565;-6.26232;;
0;1.16109;0.426101;;0;3.11073;-1.35032;;0;-2.51554;-6.25726;;
0;1.1642;0.424751;;0;3.10822;-1.35657;;0;-2.51544;-6.2522;;
0;1.16731;0.423394;;0;3.1057;-1.36282;;0;-2.51535;-6.24714;;
0;1.17041;0.422031;;0;3.10319;-1.36906;;0;-2.51526;-6.24208;;
0;1.17351;0.420662;;0;3.10067;-1.3753;;0;-2.51518;-6.23702;;
0;1.17661;0.419287;;0;3.09816;-1.38153;;0;-2.5151;-6.23196;;
0;1.17971;0.417906;;0;3.09564;-1.38776;;0;-2.51503;-6.2269;;
0;1.18281;0.416518;;0;3.09313;-1.39398;;0;-2.51496;-6.22184;;
0;1.1859;0.415124;;0;3.09061;-1.40019;;0;-2.5149;-6.21677;;
0;1.18899;0.413724;;0;3.0881;-1.40641;;0;-2.51485;-6.21171;;
0;1.19208;0.412317;;0;3.08558;-1.41261;;0;-2.5148;-6.20665;;
0;1.19517;0.410905;;0;3.08307;-1.41881;;0;-2.51476;-6.20159;;
0;1.19825;0.409486;;0;3.08055;-1.42501;;0;-2.51472;-6.19653;;
0;1.20133;0.408061;;0;3.07804;-1.4312;;0;-2.51469;-6.19146;;
0;1.20441;0.40663;;0;3.07552;-1.43739;;0;-2.51466;-6.1864;;
0;1.20748;0.405192;;0;3.07301;-1.44357;;0;-2.51464;-6.18133;;
0;1.21056;0.403749;;0;3.07049;-1.44975;;0;-2.51462;-6.17627;;
0;1.21363;0.402299;;0;3.06798;-1.45592;;0;-2.51461;-6.1712;;
0;1.21669;0.400843;;0;3.06546;-1.46208;;0;-2.51461;-6.16613;;
0;1.21976;0.399381;;0;3.06295;-1.46825;;0;-2.51461;-6.16107;;
0;1.22282;0.397913;;0;3.06044;-1.4744;;0;-2.51461;-6.156;;
0;1.22588;0.396438;;0;3.05792;-1.48055;;0;-2.51462;-6.15093;;
0;1.22894;0.394958;;0;3.05541;-1.4867;;0;-2.51464;-6.14586;;
0;1.232;0.393471;;0;3.05289;-1.49284;;0;-2.51466;-6.14079;;
0;1.23505;0.391978;;0;3.05038;-1.49897;;0;-2.51468;-6.13572;;
0;1.2381;0.390479;;0;3.04786;-1.50511;;0;-2.51471;-6.13065;;
0;1.24115;0.388974;;0;3.04535;-1.51123;;0;-2.51475;-6.12557;;
0;1.24419;0.387463;;0;3.04283;-1.51735;;0;-2.51479;-6.1205;;
0;1.24724;0.385945;;0;3.04032;-1.52347;;0;-2.51483;-6.11543;;
0;1.25028;0.384422;;0;3.0378;-1.52958;;0;-2.51488;-6.11035;;
0;1.25331;0.382892;;0;3.03529;-1.53568;;0;-2.51494;-6.10527;;
0;1.25635;0.381357;;0;3.03277;-1.54178;;0;-2.515;-6.1002;;
0;1.25938;0.379815;;0;3.03026;-1.54788;;0;-2.51506;-6.09512;;
0;1.26241;0.378267;;0;3.02774;-1.55397;;0;-2.51513;-6.09004;;
0;1.26544;0.376713;;0;3.02523;-1.56005;;0;-2.5152;-6.08496;;
0;1.26847;0.375153;;0;3.02271;-1.56613;;0;-2.51528;-6.07987;;
0;1.27149;0.373587;;0;3.0202;-1.57221;;0;-2.51536;-6.07479;;
0;1.27451;0.372015;;0;3.01768;-1.57828;;0;-2.51545;-6.06971;;
0;1.27753;0.370436;;0;3.01517;-1.58434;;0;-2.51554;-6.06462;;
0;1.28054;0.368852;;0;3.01265;-1.5904;;0;-2.51563;-6.05953;;
0;1.28355;0.367262;;0;3.01013;-1.59646;;0;-2.51573;-6.05445;;
0;1.28656;0.365665;;0;3.00762;-1.6025;;0;-2.51584;-6.04936;;
0;1.28957;0.364063;;0;3.0051;-1.60855;;0;-2.51595;-6.04427;;
0;1.29258;0.362454;;0;3.00259;-1.61459;;0;-2.51606;-6.03917;;
0;1.29558;0.36084;;0;3.00007;-1.62062;;0;-2.51617;-6.03408;;
0;1.29858;0.359219;;0;2.99755;-1.62665;;0;-2.5163;-6.02899;;
0;1.30158;0.357592;;0;2.99504;-1.63268;;0;-2.51642;-6.02389;;
0;1.30457;0.35596;;0;2.99252;-1.63869;;0;-2.51655;-6.01879;;
0;1.30756;0.354321;;0;2.99;-1.64471;;0;-2.51668;-6.01369;;
0;1.31055;0.352676;;0;2.98749;-1.65072;;0;-2.51682;-6.00859;;
0;1.31354;0.351026;;0;2.98497;-1.65672;;0;-2.51696;-6.00349;;
0;1.31653;0.349369;;0;2.98245;-1.66272;;0;-2.5171;-5.99839;;
0;1.31951;0.347706;;0;2.97994;-1.66871;;0;-2.51725;-5.99328;;
0;1.32249;0.346037;;0;2.97742;-1.6747;;0;-2.5174;-5.98818;;
0;1.32547;0.344363;;0;2.9749;-1.68068;;0;-2.51756;-5.98307;;
0;1.32844;0.342682;;0;2.97238;-1.68666;;0;-2.51772;-5.97796;;
0;1.33141;0.340995;;0;2.96987;-1.69263;;0;-2.51788;-5.97285;;
0;1.33438;0.339303;;0;2.96735;-1.6986;;0;-2.51805;-5.96773;;
0;1.33735;0.337604;;0;2.96483;-1.70456;;0;-2.51822;-5.96262;;
0;1.34032;0.3359;;0;2.96231;-1.71052;;0;-2.51839;-5.9575;;
0;1.34328;0.334189;;0;2.95979;-1.71647;;0;-2.51857;-5.95239;;
0;1.34624;0.332473;;0;2.95727;-1.72242;;0;-2.51875;-5.94727;;
0;1.3492;0.33075;;0;2.95475;-1.72836;;0;-2.51894;-5.94215;;
0;1.35215;0.329022;;0;2.95224;-1.7343;;0;-2.51912;-5.93702;;
0;1.3551;0.327287;;0;2.94972;-1.74023;;0;-2.51931;-5.9319;;
0;1.35805;0.325547;;0;2.9472;-1.74616;;0;-2.51951;-5.92677;;
0;1.361;0.323801;;0;2.94468;-1.75208;;0;-2.51971;-5.92164;;
0;1.36394;0.322049;;0;2.94216;-1.758;;0;-2.51991;-5.91651;;
0;1.36689;0.320291;;0;2.93964;-1.76391;;0;-2.52011;-5.91138;;
0;1.36983;0.318527;;0;2.93712;-1.76981;;0;-2.52032;-5.90625;;
0;1.37276;0.316757;;0;2.9346;-1.77572;;0;-2.52053;-5.90111;;
0;1.3757;0.314982;;0;2.93208;-1.78161;;0;-2.52074;-5.89597;;
0;1.37863;0.3132;;0;2.92955;-1.7875;;0;-2.52096;-5.89083;;
0;1.38156;0.311412;;0;2.92703;-1.79339;;0;-2.52118;-5.88569;;
0;1.38449;0.309619;;0;2.92451;-1.79927;;0;-2.5214;-5.88055;;
0;1.38741;0.30782;;0;2.92199;-1.80514;;0;-2.52163;-5.87541;;
0;1.39033;0.306015;;0;2.91947;-1.81101;;0;-2.52185;-5.87026;;
0;1.39325;0.304204;;0;2.91695;-1.81688;;0;-2.52208;-5.86511;;
0;1.39617;0.302387;;0;2.91442;-1.82274;;0;-2.52232;-5.85996;;
0;1.39908;0.300564;;0;2.9119;-1.82859;;0;-2.52255;-5.85481;;
0;1.402;0.298735;;0;2.90938;-1.83444;;0;-2.52279;-5.84965;;
0;1.4049;0.296901;;0;2.90686;-1.84029;;0;-2.52304;-5.84449;;
0;1.40781;0.295061;;0;2.90433;-1.84613;;0;-2.52328;-5.83933;;
0;1.41072;0.293215;;0;2.90181;-1.85196;;0;-2.52353;-5.83417;;
0;1.41362;0.291363;;0;2.89929;-1.85779;;0;-2.52378;-5.82901;;
0;1.41652;0.289505;;0;2.89676;-1.86361;;0;-2.52403;-5.82385;;
0;1.41941;0.287641;;0;2.89424;-1.86943;;0;-2.52428;-5.81868;;
0;1.42231;0.285772;;0;2.89171;-1.87525;;0;-2.52454;-5.81351;;
0;1.4252;0.283897;;0;2.88919;-1.88106;;0;-2.5248;-5.80834;;
0;1.42809;0.282015;;0;2.88666;-1.88686;;0;-2.52506;-5.80316;;
0;1.43098;0.280129;;0;2.88414;-1.89266;;0;-2.52533;-5.79799;;
0;1.43386;0.278236;;0;2.88161;-1.89845;;0;-2.52559;-5.79281;;
0;1.43674;0.276338;;0;2.87909;-1.90424;;0;-2.52586;-5.78763;;
0;1.43962;0.274433;;0;2.87656;-1.91002;;0;-2.52613;-5.78245;;
0;1.4425;0.272523;;0;2.87403;-1.9158;;0;-2.52641;-5.77726;;
0;1.44537;0.270607;;0;2.87151;-1.92157;;0;-2.52668;-5.77208;;
0;1.44824;0.268686;;0;2.86898;-1.92734;;0;-2.52696;-5.76689;;
0;1.45111;0.266759;;0;2.86645;-1.9331;;0;-2.52724;-5.7617;;
0;1.45398;0.264825;;0;2.86392;-1.93885;;0;-2.52752;-5.7565;;
0;1.45684;0.262887;;0;2.8614;-1.94461;;0;-2.52781;-5.75131;;
0;1.4597;0.260942;;0;2.85887;-1.95035;;0;-2.52809;-5.74611;;
0;1.46256;0.258992;;0;2.85634;-1.95609;;0;-2.52838;-5.74091;;
0;1.46542;0.257036;;0;2.85381;-1.96183;;0;-2.52867;-5.73571;;
0;1.46827;0.255074;;0;2.85128;-1.96756;;0;-2.52896;-5.73051;;
0;1.47112;0.253106;;0;2.84875;-1.97328;;0;-2.52925;-5.7253;;
0;1.47397;0.251133;;0;2.84622;-1.979;;0;-2.52955;-5.72009;;
0;1.47682;0.249154;;0;2.84369;-1.98472;;0;-2.52985;-5.71488;;
0;1.47966;0.247169;;0;2.84116;-1.99043;;0;-2.53015;-5.70967;;
0;1.4825;0.245179;;0;2.83863;-1.99613;;0;-2.53045;-5.70445;;
0;1.48534;0.243183;;0;2.8361;-2.00183;;0;-2.53075;-5.69923;;
0;1.48818;0.241181;;0;2.83357;-2.00753;;0;-2.53105;-5.69401;;
0;1.49101;0.239173;;0;2.83104;-2.01321;;0;-2.53136;-5.68879;;
0;1.49384;0.23716;;0;2.82851;-2.0189;;0;-2.53166;-5.68357;;
0;1.49667;0.235141;;0;2.82598;-2.02458;;0;-2.53197;-5.67834;;
0;1.4995;0.233117;;0;2.82344;-2.03025;;0;-2.53228;-5.67311;;
0;1.50232;0.231086;;0;2.82091;-2.03592;;0;-2.53259;-5.66788;;
0;1.50514;0.22905;;0;2.81838;-2.04158;;0;-2.53291;-5.66264;;
0;1.50796;0.227009;;0;2.81585;-2.04724;;0;-2.53322;-5.65741;;
0;1.51078;0.224962;;0;2.81331;-2.05289;;0;-2.53354;-5.65217;;
0;1.51359;0.222909;;0;2.81078;-2.05854;;0;-2.53385;-5.64693;;
0;1.5164;0.22085;;0;2.80824;-2.06418;;0;-2.53417;-5.64168;;
0;1.51921;0.218786;;0;2.80571;-2.06981;;0;-2.53449;-5.63644;;
0;1.52201;0.216716;;0;2.80318;-2.07545;;0;-2.53481;-5.63119;;
0;1.52482;0.214641;;0;2.80064;-2.08107;;0;-2.53513;-5.62594;;
0;1.52762;0.21256;;0;2.7981;-2.08669;;0;-2.53546;-5.62069;;
0;1.53042;0.210473;;0;2.79557;-2.09231;;0;-2.53578;-5.61543;;
0;1.53321;0.208381;;0;2.79303;-2.09792;;0;-2.53611;-5.61017;;
0;1.536;0.206283;;0;2.7905;-2.10352;;0;-2.53643;-5.60491;;
0;1.5388;0.204179;;0;2.78796;-2.10912;;0;-2.53676;-5.59965;;
0;1.54158;0.20207;;0;2.78542;-2.11472;;0;-2.53709;-5.59438;;
0;1.54437;0.199955;;0;2.78288;-2.12031;;0;-2.53742;-5.58912;;
0;1.54715;0.197835;;0;2.78035;-2.12589;;0;-2.53775;-5.58385;;
0;1.54993;0.195709;;0;2.77781;-2.13147;;0;-2.53808;-5.57858;;
0;1.55271;0.193578;;0;2.77527;-2.13704;;0;-2.53841;-5.5733;;
0;1.55548;0.191441;;0;2.77273;-2.14261;;0;-2.53874;-5.56802;;
0;1.55826;0.189298;;0;2.77019;-2.14817;;0;-2.53908;-5.56274;;
0;1.56103;0.18715;;0;2.76765;-2.15373;;0;-2.53941;-5.55746;;
0;1.5638;0.184996;;0;2.76511;-2.15928;;0;-2.53975;-5.55218;;
0;1.56656;0.182837;;0;2.76257;-2.16483;;0;-2.54008;-5.54689;;
0;1.56932;0.180672;;0;2.76003;-2.17037;;0;-2.54042;-5.5416;;
0;1.57208;0.178502;;0;2.75749;-2.17591;;0;-2.54076;-5.53631;;
0;1.57484;0.176326;;0;2.75495;-2.18144;;0;-2.54109;-5.53102;;
0;1.5776;0.174144;;0;2.75241;-2.18696;;0;-2.54143;-5.52572;;
0;1.58035;0.171957;;0;2.74987;-2.19248;;0;-2.54177;-5.52042;;
0;1.5831;0.169765;;0;2.74733;-2.198;;0;-2.54211;-5.51512;;
0;1.58585;0.167567;;0;2.74478;-2.20351;;0;-2.54245;-5.50982;;
0;1.58859;0.165363;;0;2.74224;-2.20901;;0;-2.54279;-5.50451;;
0;1.59133;0.163154;;0;2.7397;-2.21451;;0;-2.54313;-5.4992;;
0;1.59407;0.16094;;0;2.73715;-2.22001;;0;-2.54347;-5.49389;;
0;1.59681;0.15872;;0;2.73461;-2.2255;;0;-2.54381;-5.48858;;
0;1.59954;0.156494;;0;2.73207;-2.23098;;0;-2.54416;-5.48327;;
0;1.60228;0.154263;;0;2.72952;-2.23646;;0;-2.5445;-5.47795;;
0;1.60501;0.152027;;0;2.72698;-2.24193;;0;-2.54484;-5.47263;;
0;1.60773;0.149785;;0;2.72443;-2.2474;;0;-2.54518;-5.4673;;
0;1.61046;0.147538;;0;2.72189;-2.25286;;0;-2.54553;-5.46198;;
0;1.61318;0.145285;;0;2.71934;-2.25832;;0;-2.54587;-5.45665;;
0;1.6159;0.143026;;0;2.71679;-2.26377;;0;-2.54621;-5.45132;;
0;1.61861;0.140763;;0;2.71425;-2.26921;;0;-2.54656;-5.44599;;
0;1.62133;0.138493;;0;2.7117;-2.27465;;0;-2.5469;-5.44066;;
0;1.62404;0.136219;;0;2.70915;-2.28009;;0;-2.54724;-5.43532;;
0;1.62675;0.133939;;0;2.70661;-2.28552;;0;-2.54759;-5.42998;;
0;1.62946;0.131653;;0;2.70406;-2.29094;;0;-2.54793;-5.42464;;
0;1.63216;0.129362;;0;2.70151;-2.29636;;0;-2.54827;-5.41929;;
0;1.63486;0.127066;;0;2.69896;-2.30178;;0;-2.54862;-5.41395;;
0;1.63756;0.124764;;0;2.69641;-2.30719;;0;-2.54896;-5.4086;;
0;1.64026;0.122457;;0;2.69386;-2.31259;;0;-2.5493;-5.40325;;
0;1.64295;0.120144;;0;2.69131;-2.31799;;0;-2.54965;-5.39789;;
0;1.64564;0.117826;;0;2.68876;-2.32338;;0;-2.54999;-5.39254;;
0;1.64833;0.115503;;0;2.68621;-2.32877;;0;-2.55033;-5.38718;;
0;1.65102;0.113174;;0;2.68366;-2.33415;;0;-2.55068;-5.38182;;
0;1.6537;0.11084;;0;2.68111;-2.33952;;0;-2.55102;-5.37645;;
0;1.65638;0.1085;;0;2.67856;-2.3449;;0;-2.55136;-5.37109;;
0;1.65906;0.106156;;0;2.67601;-2.35026;;0;-2.5517;-5.36572;;
0;1.66174;0.103805;;0;2.67346;-2.35562;;0;-2.55205;-5.36035;;
0;1.66441;0.10145;;0;2.6709;-2.36098;;0;-2.55239;-5.35498;;
0;1.66708;0.0990887;;0;2.66835;-2.36633;;0;-2.55273;-5.3496;;
0;1.66975;0.0967224;;0;2.6658;-2.37167;;0;-2.55307;-5.34423;;
0;1.67242;0.0943507;;0;2.66324;-2.37701;;0;-2.55341;-5.33885;;
0;1.67508;0.0919737;;0;2.66069;-2.38234;;0;-2.55375;-5.33346;;
0;1.67774;0.0895914;;0;2.65814;-2.38767;;0;-2.55409;-5.32808;;
0;1.6804;0.0872037;;0;2.65558;-2.39299;;0;-2.55443;-5.32269;;
0;1.68305;0.0848107;;0;2.65303;-2.39831;;0;-2.55477;-5.31731;;
0;1.68571;0.0824124;;0;2.65047;-2.40362;;0;-2.5551;-5.31191;;
0;1.68836;0.0800088;;0;2.64792;-2.40893;;0;-2.55544;-5.30652;;
0;1.691;0.0775998;;0;2.64536;-2.41423;;0;-2.55578;-5.30113;;
0;1.69365;0.0751856;;0;2.6428;-2.41953;;0;-2.55611;-5.29573;;
0;1.69629;0.0727661;;0;2.64025;-2.42482;;0;-2.55645;-5.29033;;
0;1.69893;0.0703413;;0;2.63769;-2.4301;;0;-2.55678;-5.28493;;
0;1.70157;0.0679112;;0;2.63513;-2.43538;;0;-2.55712;-5.27952;;
0;1.70421;0.0654758;;0;2.63258;-2.44065;;0;-2.55745;-5.27411;;
0;1.70684;0.0630351;;0;2.63002;-2.44592;;0;-2.55778;-5.26871;;
0;1.70947;0.0605892;;0;2.62746;-2.45119;;0;-2.55811;-5.26329;;
0;1.7121;0.058138;;0;2.6249;-2.45644;;0;-2.55844;-5.25788;;
0;1.71472;0.0556816;;0;2.62234;-2.4617;;0;-2.55877;-5.25247;;
0;1.71734;0.0532199;;0;2.61978;-2.46694;;0;-2.5591;-5.24705;;
0;1.71996;0.0507529;;0;2.61723;-2.47219;;0;-2.55943;-5.24163;;
0;1.72258;0.0482807;;0;2.61467;-2.47742;;0;-2.55976;-5.23621;;
0;1.72519;0.0458033;;0;2.61211;-2.48265;;0;-2.56009;-5.23078;;
0;1.72781;0.0433207;;0;2.60955;-2.48788;;0;-2.56041;-5.22535;;
0;1.73042;0.0408328;;0;2.60698;-2.4931;;0;-2.56074;-5.21993;;
0;1.73302;0.0383397;;0;2.60442;-2.49831;;0;-2.56106;-5.2145;;
0;1.73563;0.0358414;;0;2.60186;-2.50352;;0;-2.56138;-5.20906;;
0;1.73823;0.0333379;;0;2.5993;-2.50873;;0;-2.5617;-5.20363;;
0;1.74083;0.0308291;;0;2.59674;-2.51392;;0;-2.56202;-5.19819;;
0;1.74343;0.0283152;;0;2.59418;-2.51912;;0;-2.56234;-5.19275;;
0;1.74602;0.0257961;;0;2.59161;-2.5243;;0;-2.56266;-5.18731;;
0;1.74861;0.0232718;;0;2.58905;-2.52949;;0;-2.56298;-5.18187;;
0;1.7512;0.0207423;;0;2.58649;-2.53466;;0;-2.56329;-5.17642;;
0;1.75379;0.0182076;;0;2.58392;-2.53983;;0;-2.56361;-5.17097;;
0;1.75637;0.0156678;;0;2.58136;-2.545;;0;-2.56392;-5.16552;;
0;1.75895;0.0131228;;0;2.5788;-2.55016;;0;-2.56424;-5.16007;;
0;1.76153;0.0105727;;0;2.57623;-2.55531;;0;-2.56455;-5.15462;;
0;1.76411;0.00801734;;0;2.57367;-2.56046;;0;-2.56486;-5.14916;;
0;1.76668;0.00545688;;0;2.5711;-2.56561;;0;-2.56516;-5.1437;;
0;1.76925;0.00289127;;0;2.56854;-2.57074;;0;-2.56547;-5.13824;;
0;1.77182;0.000320529;;0;2.56597;-2.57588;;0;-2.56578;-5.13278;;
0;1.7697;-0.00360856;;0;2.30706;2.0648;;0;-2.30947;4.10185;;
0;1.76705;-0.00247;;0;2.07549;-1.64519;;0;-0.869897;6.65679;;
0;1.76601;-0.0065843;;0;1.86655;1.32098;;0;-1.39011;4.8343;;
0;1.76266;-0.00842132;;0;1.67939;-1.05077;;0;-0.500887;6.01368;;
0;1.76401;-0.0151553;;0;1.5106;0.845751;;0;-0.854293;5.1333;;
0;1.75739;-0.0228953;;0;1.35924;-0.670914;;0;-0.299239;5.68683;;
0;1.76558;-0.037706;;0;1.22278;0.541978;;0;-0.534082;5.24678;;
0;1.74758;-0.0594625;;0;1.10032;-0.428074;;0;-0.18464;5.50823;;
0;1.77727;-0.0958248;;0;0.989949;0.34774;;0;-0.338334;5.28068;;
0;1.72192;-0.152763;;0;0.890837;-0.272789;;0;-0.116881;5.40303;;
0;1.82098;-0.244858;;0;0.801537;0.223512;;0;-0.216417;5.28115;;
0;1.64473;-0.391415;;0;0.721308;-0.173474;;0;-0.0753955;5.33646;;
0;1.96965;-0.626541;;0;0.649038;0.144047;;0;-0.139397;5.26863;;
0;1.40453;-1.00224;;0;0.584084;-0.109946;;0;-0.049287;5.29158;;
