683.51;595.751;
683.513;596.082;
683.584;596.084;
683.715;595.989;
683.704;595.996;
683.914;595.998;
683.677;595.849;
683.151;595.851;
683.514;595.274;
683.073;595.333;
682.726;595.168;
682.198;595.375;
681.817;595.321;
681.299;595.247;
681.118;595.051;
680.33;594.863;
679.763;594.781;
679.246;594.661;
678.876;594.841;
678.317;594.05;
678.233;594.727;
677.867;594.109;
677.972;595.066;
677.365;595.042;
676.741;594.648;
676.517;595.265;
676.202;594.726;
676.249;595.074;
675.667;595.115;
675.393;594.971;
675.205;595.02;
675.054;594.726;
674.775;594.949;
674.493;595.05;
674.546;595.441;
674.662;594.917;
674.565;595.224;
674.27;595.032;
673.971;595.056;
674.077;595.146;
674.02;595.314;
673.779;595.449;
673.701;595.928;
673.664;595.618;
673.839;596.402;
674.403;596.299;
674.558;596.273;
674.538;596.052;
674.886;596.109;
675.157;596.485;
675.223;596.891;
675.508;596.871;
675.736;596.936;
676.237;596.825;
676.631;597.134;
676.783;597.02;
676.941;597.907;
677.021;597.792;
677.074;597.455;
677.3;597.307;
677.372;597.37;
677.209;598.019;
677.998;598.194;
677.343;597.833;
677.979;598.006;
678.067;598.004;
677.841;597.826;
677.92;597.998;
677.788;597.803;
678.057;597.558;
678.222;597.843;
678.041;597.78;
678.224;598;
677.964;597.446;
678.009;597.296;
677.964;597.522;
677.773;597.662;
677.847;597.786;
678.021;597.445;
678.274;597.573;
678.615;597.28;
678.89;597.592;
679.102;597.456;
679.366;597.404;
680.218;597.442;
680.893;598.105;
681.185;599.399;
681.897;601.274;
682.12;603.511;
683.14;606.698;
683.145;610.768;
683.907;615.524;
684.655;619.446;
684.453;625.314;
685.215;631.314;
685.627;637.514;
686.537;645.136;
686.518;652.533;
686.857;661.478;
687.196;669.907;
688.064;680.538;
689.164;690.661;
689.75;701.128;
690.042;713.178;
690.545;725.285;
690.819;737.982;
690.931;751.08;
691.264;764.628;
691.609;778.634;
691.603;794.086;
692.668;809.996;
693.172;825.189;
693.504;842.567;
693.835;858.802;
694.607;877.58;
694.592;896.238;
695.132;915.21;
695.553;934.742;
695.8;954.693;
696.271;975.08;
696.47;995.716;
696.342;1016.97;
696.694;1039.76;
696.707;1062.53;
697.5;1085.37;
697.981;1109.71;
698.08;1134.64;
698.327;1159.26;
698.687;1184.78;
698.797;1210.35;
699.527;1236.67;
699.659;1264.31;
699.956;1291.21;
699.973;1319.8;
700.011;1347.98;
700.716;1377.52;
700.422;1407.55;
701.31;1437.65;
701.96;1468.3;
702.368;1498.91;
702.404;1529.16;
702.626;1563.23;
702.62;1597.01;
703.78;1629.85;
703.637;1663.08;
704.496;1696.87;
704.738;1730.65;
703.879;1765.93;
704.822;1802.07;
704.897;1838.1;
705.899;1820.91;
705.539;1788.84;
706.482;1756.5;
706.776;1725.42;
707.275;1695.43;
706.847;1666.43;
707.495;1637.66;
708.344;1610.19;
709.219;1584.75;
709.107;1558.45;
710.233;1532.91;
709.884;1508.9;
710.251;1485.91;
711.141;1463.24;
711.209;1440.67;
711.964;1419.84;
712.36;1398.91;
712.978;1379.7;
713.343;1360.66;
713.659;1342.18;
714.261;1324.67;
714.927;1308.14;
715.355;1291.43;
715.762;1275.85;
716.684;1261.07;
718.156;1247.34;
717.84;1233.85;
718.166;1221.47;
719.301;1209.32;
719.421;1197.55;
719.802;1186.93;
720.193;1176.92;
721.012;1166.98;
721.377;1158.11;
721.867;1150.48;
722.564;1142.3;
721.329;1134.94;
723.169;1129.66;
723.48;1123.86;
724.186;1118.37;
723.201;1115.5;
724.087;1109.1;
725.972;1108.94;
726.2;1105.27;
726.039;1103.23;
726.104;1103.24;
727.893;1102.46;
727.572;1102.55;
729.039;1103.2;
729.148;1104;
730.268;1106.72;
729.3;1107.88;
730.238;1111.26;
730.475;1114.53;
731.725;1119.32;
731.93;1124.5;
731.658;1129.48;
731.838;1135.72;
732.356;1142.72;
733.663;1151.46;
733.544;1158.5;
733.215;1168.47;
733.812;1177.65;
733.718;1186.85;
734.667;1197.2;
734.944;1208.25;
735.27;1219.86;
735.257;1232.46;
735.633;1245.46;
736.604;1258.63;
736.477;1272.9;
737.156;1288.12;
736.983;1303.81;
736.766;1319.05;
737.16;1335.71;
737.662;1352.89;
738.401;1370.04;
738.719;1388.55;
738.467;1407.5;
738.911;1427.64;
739.103;1447.36;
738.885;1467.93;
739.637;1488.4;
740.051;1510.98;
740.599;1533.51;
740.432;1555.94;
740.668;1579.36;
740.811;1603.97;
741.093;1628.68;
741.577;1653.15;
742.037;1679.71;
742.179;1705.84;
742.5;1734.56;
742.519;1761.65;
742.523;1788.2;
742.846;1817.43;
743.505;1840.95;
743.27;1821.26;
743.865;1794.19;
744.076;1769.07;
744.27;1743.38;
744.447;1719.46;
745.084;1696.48;
745.207;1673.89;
745.66;1653.82;
746.736;1631.58;
747.085;1612.02;
747.357;1592.24;
748.049;1575.01;
748.895;1557.36;
749.578;1539.87;
749.749;1523.89;
750.761;1507.59;
751.178;1493.46;
751.559;1478.86;
752.451;1465.3;
752.657;1452.37;
753.399;1440.13;
753.419;1430.22;
754.275;1418.41;
755.354;1407.85;
754.237;1400.51;
756.317;1389.77;
757.012;1381.8;
757.411;1373.93;
757.498;1366.93;
758.391;1360.93;
758.399;1355.33;
759.361;1350;
760.874;1345.66;
761.031;1342.94;
762.157;1340.26;
761.643;1337.05;
762.159;1335.25;
762.652;1333.66;
764.375;1335.75;
763.585;1333.51;
763.982;1334.4;
766.128;1338.01;
765.051;1337.24;
765.624;1340.23;
766.078;1343.62;
766.727;1347.91;
767.62;1351.64;
769.486;1359.1;
769.27;1363.22;
769.266;1369.18;
769.573;1376.25;
770.247;1383.72;
768.867;1394.41;
770.765;1400.79;
771.498;1411.24;
771.257;1420.28;
771.907;1430.86;
772.22;1442.21;
772.75;1453.82;
773.591;1466.54;
773.895;1479.76;
773.942;1493.21;
774.48;1507.74;
775.598;1522.11;
775.327;1538.23;
775.705;1554.1;
776.798;1571.44;
776.875;1588.45;
777.3;1605.34;
778.121;1625.82;
778.733;1643.91;
779.054;1664.59;
779.313;1683.76;
779.337;1705.15;
779.827;1726.21;
780.827;1748.38;
780.777;1772.32;
780.764;1795.08;
782.093;1819.18;
782.473;1842.63;
782.581;1829.58;
781.49;1807.37;
781.841;1785.75;
781.151;1766.86;
780.627;1745.56;
779.696;1727.28;
778.784;1708.48;
778.589;1692.05;
778.454;1674.06;
778.074;1658.27;
777.131;1643.78;
777.227;1628;
776.452;1614.22;
775.619;1601.44;
775.512;1589.02;
774.804;1577.07;
773.027;1566.8;
773.717;1556.13;
773.77;1545.89;
773.497;1536.55;
773.217;1528.37;
772.371;1520.7;
772.212;1513.6;
772.187;1507.08;
771.839;1501.05;
771.427;1495.77;
771.194;1491.3;
770.685;1487.34;
770;1483.8;
769.936;1481.42;
769.852;1479.71;
769.666;1478.21;
769.322;1477.43;
768.94;1477.17;
769.311;1477.04;
768.265;1478.99;
768.461;1480.93;
768.499;1484.92;
768.914;1486.99;
769.68;1496.5;
766.647;1494.65;
766.574;1499.52;
765.568;1505.89;
765.128;1510.99;
764.582;1517.81;
764.09;1525.12;
764.156;1533.01;
764.448;1540.14;
763.095;1539.42;
