0;0;4;1
0.001;0;4;1
0.002;0;3.99352;0.990302
0.003;0;3.98704;0.980603
0.004;0;3.98059;0.970921
0.005;0;3.97416;0.961254
0.006;0;3.96776;0.951602
0.007;0;3.96139;0.941965
0.008;0;3.95504;0.932344
0.009;0;3.94872;0.922738
0.01;0;3.94242;0.913147
0.011;0;3.93615;0.903571
0.012;0;3.9299;0.89401
0.013;0;3.92368;0.884463
0.014;0;3.91748;0.874932
0.015;0;3.91131;0.865415
0.016;0;3.90516;0.855912
0.017;0;3.89904;0.846424
0.018;0;3.89294;0.83695
0.019;0;3.88686;0.827491
0.02;0;3.88081;0.818046
0.021;0;3.87478;0.808615
0.022;0;3.86878;0.799198
0.023;0;3.8628;0.789795
0.024;0;3.85684;0.780406
0.025;0;3.85091;0.77103
0.026;0;3.845;0.761669
0.027;0;3.83911;0.752321
0.028;0;3.83325;0.742986
0.029;0;3.82741;0.733665
0.03;0;3.82159;0.724358
0.031;0;3.81579;0.715064
0.032;0;3.81002;0.705783
0.033;0;3.80427;0.696516
0.034;0;3.79854;0.687261
0.035;0;3.79283;0.67802
0.036;0;3.78715;0.668791
0.037;0;3.78148;0.659576
0.038;0;3.77584;0.650373
0.039;0;3.77022;0.641183
0.04;0;3.76462;0.632006
0.041;0;3.75904;0.622842
0.042;0;3.75349;0.61369
0.043;0;3.74795;0.60455
0.044;0;3.74244;0.595423
0.045;0;3.73694;0.586309
0.046;0;3.73147;0.577206
0.047;0;3.72602;0.568116
0.048;0;3.72059;0.559038
0.049;0;3.71517;0.549973
0.05;0;3.70978;0.540919
0.051;0;3.70441;0.531877
0.052;0;3.69906;0.522848
0.053;0;3.69373;0.51383
0.054;0;3.68842;0.504824
0.055;0;3.68312;0.495829
0.056;0;3.67785;0.486846
0.057;0;3.6726;0.477875
0.058;0;3.66736;0.468916
0.059;0;3.66215;0.459968
0.06;0;3.65695;0.451031
0.061;0;3.65178;0.442106
0.062;0;3.64662;0.433193
0.063;0;3.64148;0.42429
0.064;0;3.63636;0.415399
0.065;0;3.63126;0.406519
0.066;0;3.62618;0.39765
0.067;0;3.62111;0.388792
0.068;0;3.61606;0.379945
0.069;0;3.61104;0.371109
0.07;0;3.60603;0.362284
0.071;0;3.60103;0.35347
0.072;0;3.59606;0.344666
0.073;0;3.5911;0.335874
0.074;0;3.58616;0.327092
0.075;0;3.58124;0.31832
0.076;0;3.57634;0.309559
0.077;0;3.57145;0.300809
0.078;0;3.56658;0.29207
0.079;0;3.56173;0.28334
0.08;0;3.55689;0.274622
0.081;0;3.55208;0.265913
0.082;0;3.54727;0.257215
0.083;0;3.54249;0.248527
0.084;0;3.53772;0.239849
0.085;0;3.53297;0.231182
0.086;0;3.52824;0.222524
0.087;0;3.52352;0.213877
0.088;0;3.51882;0.20524
0.089;0;3.51413;0.196612
0.09;0;3.50946;0.187995
0.091;0;3.50481;0.179387
0.092;0;3.50017;0.17079
0.093;0;3.49555;0.162202
0.094;0;3.49094;0.153624
0.095;0;3.48635;0.145056
0.096;0;3.48177;0.136497
0.097;0;3.47722;0.127948
0.098;0;3.47267;0.119409
0.099;0;3.46814;0.110879
0.1;0;3.46363;0.102359
0.101;0;3.45913;0.0938484
0.102;0;3.45465;0.0853472
0.103;0;3.45018;0.0768554
0.104;0;3.44573;0.068373
0.105;0;3.44129;0.0598999
0.106;0;3.43687;0.0514361
0.107;0;3.43246;0.0429816
0.108;0;3.42806;0.0345363
0.109;0;3.42368;0.0261003
0.11;0;3.41932;0.0176734
0.111;0;3.41497;0.00925563
0.112;0;3.41063;0.000846969
0.113;0;3.40631;-0.00755263
0.114;0;3.402;-0.0159432
0.115;0;3.3977;-0.0243248
0.116;0;3.39342;-0.0326974
0.117;0;3.38916;-0.041061
0.118;0;3.3849;-0.0494158
0.119;0;3.38066;-0.0577617
0.12;0;3.37644;-0.0660988
0.121;0;3.37222;-0.0744271
0.122;0;3.36803;-0.0827465
0.123;0;3.36384;-0.0910573
0.124;0;3.35967;-0.0993593
0.125;0;3.35551;-0.107653
0.126;0;3.35136;-0.115937
0.127;0;3.34723;-0.124213
0.128;0;3.34311;-0.132481
0.129;0;3.33901;-0.14074
0.13;0;3.33491;-0.14899
0.131;0;3.33083;-0.157232
0.132;0;3.32676;-0.165465
0.133;0;3.32271;-0.17369
0.134;0;3.31867;-0.181907
0.135;0;3.31464;-0.190115
0.136;0;3.31062;-0.198314
0.137;0;3.30661;-0.206505
0.138;0;3.30262;-0.214688
0.139;0;3.29864;-0.222863
0.14;0;3.29467;-0.231029
0.141;0;3.29071;-0.239187
0.142;0;3.28677;-0.247337
0.143;0;3.28284;-0.255479
0.144;0;3.27891;-0.263612
0.145;0;3.27501;-0.271738
0.146;0;3.27111;-0.279855
0.147;0;3.26722;-0.287964
0.148;0;3.26335;-0.296065
0.149;0;3.25949;-0.304157
0.15;0;3.25564;-0.312242
0.151;0;3.2518;-0.320319
0.152;0;3.24797;-0.328387
0.153;0;3.24415;-0.336448
0.154;0;3.24035;-0.344501
0.155;0;3.23655;-0.352546
0.156;0;3.23277;-0.360582
0.157;0;3.229;-0.368611
0.158;0;3.22524;-0.376632
0.159;0;3.22149;-0.384645
0.16;0;3.21775;-0.39265
0.161;0;3.21402;-0.400648
0.162;0;3.2103;-0.408637
0.163;0;3.20659;-0.416619
0.164;0;3.2029;-0.424593
0.165;0;3.19921;-0.432559
0.166;0;3.19554;-0.440517
0.167;0;3.19187;-0.448468
0.168;0;3.18822;-0.456411
0.169;0;3.18457;-0.464346
0.17;0;3.18094;-0.472273
0.171;0;3.17731;-0.480193
0.172;0;3.1737;-0.488105
0.173;0;3.1701;-0.49601
0.174;0;3.1665;-0.503906
0.175;0;3.16292;-0.511796
0.176;0;3.15935;-0.519677
0.177;0;3.15578;-0.527551
0.178;0;3.15223;-0.535417
0.179;0;3.14868;-0.543276
0.18;0;3.14515;-0.551127
0.181;0;3.14162;-0.558971
0.182;0;3.13811;-0.566807
0.183;0;3.1346;-0.574635
0.184;0;3.13111;-0.582456
0.185;0;3.12762;-0.59027
0.186;0;3.12414;-0.598076
0.187;0;3.12067;-0.605874
0.188;0;3.11721;-0.613665
0.189;0;3.11376;-0.621449
0.19;0;3.11032;-0.629225
0.191;0;3.10689;-0.636994
0.192;0;3.10347;-0.644755
0.193;0;3.10006;-0.652509
0.194;0;3.09665;-0.660255
0.195;0;3.09326;-0.667994
0.196;0;3.08987;-0.675725
0.197;0;3.08649;-0.683449
0.198;0;3.08312;-0.691166
0.199;0;3.07976;-0.698875
0.2;0;3.07641;-0.706577
0.201;0;3.07306;-0.714272
0.202;0;3.06973;-0.721959
0.203;0;3.0664;-0.729639
0.204;0;3.06309;-0.737312
0.205;0;3.05978;-0.744977
0.206;0;3.05648;-0.752635
0.207;0;3.05318;-0.760285
0.208;0;3.0499;-0.767929
0.209;0;3.04662;-0.775564
0.21;0;3.04335;-0.783193
0.211;0;3.04009;-0.790814
0.212;0;3.03684;-0.798428
0.213;0;3.0336;-0.806035
0.214;0;3.03036;-0.813634
0.215;0;3.02713;-0.821226
0.216;0;3.02391;-0.828811
0.217;0;3.0207;-0.836389
0.218;0;3.0175;-0.843959
0.219;0;3.0143;-0.851522
0.22;0;3.01111;-0.859078
0.221;0;3.00793;-0.866626
0.222;0;3.00475;-0.874167
0.223;0;3.00159;-0.881701
0.224;0;2.99843;-0.889228
0.225;0;2.99528;-0.896747
0.226;0;2.99213;-0.904259
0.227;0;2.989;-0.911764
0.228;0;2.98587;-0.919262
0.229;0;2.98275;-0.926752
0.23;0;2.97963;-0.934235
0.231;0;2.97652;-0.941711
0.232;0;2.97342;-0.94918
0.233;0;2.97033;-0.956641
0.234;0;2.96725;-0.964095
0.235;0;2.96417;-0.971542
0.236;0;2.9611;-0.978982
0.237;0;2.95803;-0.986415
0.238;0;2.95497;-0.99384
0.239;0;2.95192;-1.00126
0.24;0;2.94888;-1.00867
0.241;0;2.94584;-1.01607
0.242;0;2.94281;-1.02347
0.243;0;2.93979;-1.03086
0.244;0;2.93677;-1.03824
0.245;0;2.93376;-1.04561
0.246;0;2.93076;-1.05298
0.247;0;2.92776;-1.06034
0.248;0;2.92477;-1.06769
0.249;0;2.92179;-1.07504
0.25;0;2.91881;-1.08238
0.251;0;2.91584;-1.08971
0.252;0;2.91287;-1.09703
0.253;0;2.90992;-1.10435
0.254;0;2.90696;-1.11166
0.255;0;2.90402;-1.11896
0.256;0;2.90108;-1.12625
0.257;0;2.89815;-1.13354
0.258;0;2.89522;-1.14082
0.259;0;2.8923;-1.14809
0.26;0;2.88938;-1.15536
0.261;0;2.88648;-1.16262
0.262;0;2.88357;-1.16987
0.263;0;2.88068;-1.17711
0.264;0;2.87779;-1.18435
0.265;0;2.8749;-1.19158
0.266;0;2.87203;-1.1988
0.267;0;2.86915;-1.20601
0.268;0;2.86629;-1.21322
0.269;0;2.86343;-1.22042
0.27;0;2.86057;-1.22761
0.271;0;2.85772;-1.2348
0.272;0;2.85488;-1.24198
0.273;0;2.85204;-1.24915
0.274;0;2.84921;-1.25631
0.275;0;2.84638;-1.26347
0.276;0;2.84356;-1.27061
0.277;0;2.84075;-1.27776
0.278;0;2.83794;-1.28489
0.279;0;2.83513;-1.29202
0.28;0;2.83234;-1.29914
0.281;0;2.82954;-1.30625
0.282;0;2.82675;-1.31335
0.283;0;2.82397;-1.32045
0.284;0;2.8212;-1.32754
0.285;0;2.81842;-1.33462
0.286;0;2.81566;-1.3417
0.287;0;2.8129;-1.34876
0.288;0;2.81014;-1.35582
0.289;0;2.80739;-1.36287
0.29;0;2.80465;-1.36992
0.291;0;2.80191;-1.37696
0.292;0;2.79917;-1.38399
0.293;0;2.79644;-1.39101
0.294;0;2.79372;-1.39803
0.295;0;2.791;-1.40503
0.296;0;2.78828;-1.41203
0.297;0;2.78557;-1.41903
0.298;0;2.78287;-1.42601
0.299;0;2.78017;-1.43299
0.3;0;2.77747;-1.43996
0.301;0;2.77478;-1.44692
0.302;0;2.7721;-1.45388
0.303;0;2.76942;-1.46083
0.304;0;2.76674;-1.46777
0.305;0;2.76407;-1.4747
0.306;0;2.76141;-1.48163
0.307;0;2.75875;-1.48854
0.308;0;2.75609;-1.49545
0.309;0;2.75344;-1.50236
0.31;0;2.75079;-1.50925
0.311;0;2.74815;-1.51614
0.312;0;2.74551;-1.52302
0.313;0;2.74288;-1.52989
0.314;0;2.74025;-1.53676
0.315;0;2.73762;-1.54361
0.316;0;2.73501;-1.55046
0.317;0;2.73239;-1.55731
0.318;0;2.72978;-1.56414
0.319;0;2.72717;-1.57097
0.32;0;2.72457;-1.57779
0.321;0;2.72198;-1.5846
0.322;0;2.71938;-1.5914
0.323;0;2.71679;-1.5982
0.324;0;2.71421;-1.60499
0.325;0;2.71163;-1.61177
0.326;0;2.70906;-1.61854
0.327;0;2.70648;-1.62531
0.328;0;2.70392;-1.63206
0.329;0;2.70135;-1.63881
0.33;0;2.6988;-1.64555
0.331;0;2.69624;-1.65229
0.332;0;2.69369;-1.65902
0.333;0;2.69115;-1.66573
0.334;0;2.6886;-1.67245
0.335;0;2.68607;-1.67915
0.336;0;2.68353;-1.68584
0.337;0;2.681;-1.69253
0.338;0;2.67848;-1.69921
0.339;0;2.67596;-1.70588
0.34;0;2.67344;-1.71255
0.341;0;2.67093;-1.71921
0.342;0;2.66842;-1.72585
0.343;0;2.66591;-1.7325
