0;0;0;0
0.001;0;-6.47868;-9.69829
0.002;0;-6.47868;-9.69829
0.003;0;-6.45243;-9.68271
0.004;0;-6.42624;-9.6672
0.005;0;-6.4002;-9.65179
0.006;0;-6.37432;-9.63646
0.007;0;-6.34859;-9.62123
0.008;0;-6.32301;-9.60608
0.009;0;-6.29757;-9.59102
0.01;0;-6.27229;-9.57605
0.011;0;-6.24715;-9.56117
0.012;0;-6.22215;-9.54638
0.013;0;-6.1973;-9.53167
0.014;0;-6.1726;-9.51704
0.015;0;-6.14803;-9.50251
0.016;0;-6.12361;-9.48805
0.017;0;-6.09933;-9.47368
0.018;0;-6.07519;-9.45939
0.019;0;-6.05119;-9.44518
0.02;0;-6.02732;-9.43105
0.021;0;-6.00359;-9.417
0.022;0;-5.98;-9.40304
0.023;0;-5.95655;-9.38915
0.024;0;-5.93323;-9.37534
0.025;0;-5.91004;-9.3616
0.026;0;-5.88699;-9.34795
0.027;0;-5.86407;-9.33437
0.028;0;-5.84127;-9.32087
0.029;0;-5.81861;-9.30744
0.03;0;-5.79608;-9.29408
0.031;0;-5.77368;-9.2808
0.032;0;-5.75141;-9.2676
0.033;0;-5.72926;-9.25446
0.034;0;-5.70724;-9.2414
0.035;0;-5.68534;-9.22841
0.036;0;-5.66357;-9.21549
0.037;0;-5.64192;-9.20264
0.038;0;-5.6204;-9.18986
0.039;0;-5.599;-9.17715
0.04;0;-5.57772;-9.16451
0.041;0;-5.55656;-9.15193
0.042;0;-5.53552;-9.13942
0.043;0;-5.5146;-9.12698
0.044;0;-5.4938;-9.1146
0.045;0;-5.47312;-9.10229
0.046;0;-5.45255;-9.09005
0.047;0;-5.4321;-9.07787
0.048;0;-5.41177;-9.06575
0.049;0;-5.39155;-9.0537
0.05;0;-5.37145;-9.04171
0.051;0;-5.35146;-9.02978
0.052;0;-5.33158;-9.01791
0.053;0;-5.31181;-9.0061
0.054;0;-5.29216;-8.99436
0.055;0;-5.27262;-8.98267
0.056;0;-5.25319;-8.97105
0.057;0;-5.23386;-8.95948
0.058;0;-5.21465;-8.94797
0.059;0;-5.19555;-8.93652
0.06;0;-5.17655;-8.92512
0.061;0;-5.15766;-8.91378
0.062;0;-5.13887;-8.9025
0.063;0;-5.1202;-8.89128
0.064;0;-5.10162;-8.88011
0.065;0;-5.08315;-8.86899
0.066;0;-5.06479;-8.85793
0.067;0;-5.04653;-8.84692
0.068;0;-5.02837;-8.83597
0.069;0;-5.01032;-8.82507
0.07;0;-4.99236;-8.81422
0.071;0;-4.97451;-8.80342
0.072;0;-4.95675;-8.79267
0.073;0;-4.9391;-8.78198
0.074;0;-4.92155;-8.77133
0.075;0;-4.90409;-8.76073
0.076;0;-4.88673;-8.75019
0.077;0;-4.86947;-8.73969
0.078;0;-4.85231;-8.72924
0.079;0;-4.83524;-8.71884
0.08;0;-4.81827;-8.70849
0.081;0;-4.8014;-8.69818
0.082;0;-4.78462;-8.68792
0.083;0;-4.76793;-8.67771
0.084;0;-4.75134;-8.66754
0.085;0;-4.73484;-8.65741
0.086;0;-4.71843;-8.64734
0.087;0;-4.70211;-8.6373
0.088;0;-4.68589;-8.62731
0.089;0;-4.66976;-8.61736
0.09;0;-4.65371;-8.60746
0.091;0;-4.63776;-8.5976
0.092;0;-4.6219;-8.58778
0.093;0;-4.60613;-8.578
0.094;0;-4.59044;-8.56827
0.095;0;-4.57484;-8.55857
0.096;0;-4.55934;-8.54892
0.097;0;-4.54391;-8.5393
0.098;0;-4.52858;-8.52973
0.099;0;-4.51333;-8.52019
0.1;0;-4.49816;-8.51069
0.101;0;-4.48308;-8.50123
0.102;0;-4.46809;-8.49181
0.103;0;-4.45318;-8.48243
0.104;0;-4.43835;-8.47308
0.105;0;-4.42361;-8.46377
0.106;0;-4.40895;-8.4545
0.107;0;-4.39437;-8.44526
0.108;0;-4.37987;-8.43606
0.109;0;-4.36546;-8.42689
0.11;0;-4.35113;-8.41776
0.111;0;-4.33687;-8.40866
0.112;0;-4.3227;-8.3996
0.113;0;-4.30861;-8.39057
0.114;0;-4.29459;-8.38157
0.115;0;-4.28065;-8.37261
0.116;0;-4.2668;-8.36367
0.117;0;-4.25302;-8.35477
0.118;0;-4.23932;-8.34591
0.119;0;-4.22569;-8.33707
0.12;0;-4.21214;-8.32826
0.121;0;-4.19867;-8.31949
0.122;0;-4.18528;-8.31074
0.123;0;-4.17195;-8.30203
0.124;0;-4.15871;-8.29334
0.125;0;-4.14554;-8.28468
0.126;0;-4.13244;-8.27605
0.127;0;-4.11942;-8.26745
0.128;0;-4.10647;-8.25888
0.129;0;-4.09359;-8.25034
0.13;0;-4.08079;-8.24182
0.131;0;-4.06805;-8.23333
0.132;0;-4.05539;-8.22487
0.133;0;-4.04281;-8.21643
0.134;0;-4.03029;-8.20802
0.135;0;-4.01784;-8.19963
0.136;0;-4.00546;-8.19127
0.137;0;-3.99316;-8.18294
0.138;0;-3.98092;-8.17463
0.139;0;-3.96875;-8.16634
0.14;0;-3.95665;-8.15808
0.141;0;-3.94462;-8.14984
0.142;0;-3.93266;-8.14162
0.143;0;-3.92076;-8.13343
0.144;0;-3.90893;-8.12526
0.145;0;-3.89717;-8.11711
0.146;0;-3.88548;-8.10899
0.147;0;-3.87385;-8.10088
0.148;0;-3.86228;-8.0928
0.149;0;-3.85079;-8.08474
0.15;0;-3.83935;-8.0767
0.151;0;-3.82799;-8.06868
0.152;0;-3.81668;-8.06068
0.153;0;-3.80544;-8.05269
0.154;0;-3.79427;-8.04473
0.155;0;-3.78316;-8.03679
0.156;0;-3.77211;-8.02887
0.157;0;-3.76112;-8.02096
0.158;0;-3.7502;-8.01307
0.159;0;-3.73933;-8.00521
0.16;0;-3.72853;-7.99735
0.161;0;-3.71779;-7.98952
0.162;0;-3.70712;-7.9817
0.163;0;-3.6965;-7.9739
0.164;0;-3.68594;-7.96612
0.165;0;-3.67544;-7.95835
0.166;0;-3.66501;-7.9506
0.167;0;-3.65463;-7.94287
0.168;0;-3.64431;-7.93514
0.169;0;-3.63405;-7.92744
0.17;0;-3.62385;-7.91975
0.171;0;-3.6137;-7.91207
0.172;0;-3.60362;-7.90441
0.173;0;-3.59359;-7.89676
0.174;0;-3.58362;-7.88913
0.175;0;-3.5737;-7.88151
0.176;0;-3.56384;-7.8739
0.177;0;-3.55404;-7.86631
0.178;0;-3.5443;-7.85872
0.179;0;-3.53461;-7.85115
0.18;0;-3.52497;-7.8436
0.181;0;-3.51539;-7.83605
0.182;0;-3.50586;-7.82852
0.183;0;-3.49639;-7.82099
0.184;0;-3.48698;-7.81348
0.185;0;-3.47761;-7.80598
0.186;0;-3.4683;-7.79849
0.187;0;-3.45904;-7.79101
0.188;0;-3.44984;-7.78354
0.189;0;-3.44069;-7.77608
0.19;0;-3.43159;-7.76863
0.191;0;-3.42254;-7.76119
0.192;0;-3.41355;-7.75376
0.193;0;-3.4046;-7.74633
0.194;0;-3.39571;-7.73892
0.195;0;-3.38687;-7.73151
0.196;0;-3.37807;-7.72412
0.197;0;-3.36933;-7.71673
0.198;0;-3.36064;-7.70934
0.199;0;-3.352;-7.70197
0.2;0;-3.34341;-7.6946
0.201;0;-3.33486;-7.68724
0.202;0;-3.32637;-7.67989
0.203;0;-3.31792;-7.67254
0.204;0;-3.30952;-7.6652
0.205;0;-3.30117;-7.65786
0.206;0;-3.29287;-7.65053
0.207;0;-3.28462;-7.64321
0.208;0;-3.27641;-7.63589
0.209;0;-3.26825;-7.62858
0.21;0;-3.26014;-7.62127
0.211;0;-3.25207;-7.61397
0.212;0;-3.24405;-7.60667
0.213;0;-3.23607;-7.59938
0.214;0;-3.22814;-7.59209
0.215;0;-3.22026;-7.58481
0.216;0;-3.21242;-7.57753
0.217;0;-3.20462;-7.57025
0.218;0;-3.19687;-7.56298
0.219;0;-3.18917;-7.55571
0.22;0;-3.1815;-7.54844
0.221;0;-3.17389;-7.54117
0.222;0;-3.16631;-7.53391
0.223;0;-3.15878;-7.52665
0.224;0;-3.15129;-7.51939
0.225;0;-3.14384;-7.51214
0.226;0;-3.13644;-7.50489
0.227;0;-3.12908;-7.49764
0.228;0;-3.12176;-7.49039
0.229;0;-3.11448;-7.48314
0.23;0;-3.10725;-7.47589
0.231;0;-3.10005;-7.46865
0.232;0;-3.0929;-7.4614
0.233;0;-3.08578;-7.45416
0.234;0;-3.07871;-7.44691
0.235;0;-3.07168;-7.43967
0.236;0;-3.06469;-7.43243
0.237;0;-3.05773;-7.42518
0.238;0;-3.05082;-7.41794
0.239;0;-3.04395;-7.4107
0.24;0;-3.03711;-7.40345
0.241;0;-3.03032;-7.39621
0.242;0;-3.02356;-7.38896
0.243;0;-3.01684;-7.38172
0.244;0;-3.01016;-7.37447
0.245;0;-3.00351;-7.36722
0.246;0;-2.99691;-7.35997
0.247;0;-2.99034;-7.35272
0.248;0;-2.98381;-7.34547
0.249;0;-2.97731;-7.33821
0.25;0;-2.97086;-7.33096
0.251;0;-2.96443;-7.3237
0.252;0;-2.95805;-7.31644
0.253;0;-2.9517;-7.30918
0.254;0;-2.94539;-7.30191
0.255;0;-2.93911;-7.29464
0.256;0;-2.93287;-7.28737
0.257;0;-2.92666;-7.2801
0.258;0;-2.92049;-7.27282
0.259;0;-2.91435;-7.26554
0.26;0;-2.90824;-7.25826
0.261;0;-2.90218;-7.25097
0.262;0;-2.89614;-7.24368
0.263;0;-2.89014;-7.23639
0.264;0;-2.88417;-7.22909
0.265;0;-2.87824;-7.22179
0.266;0;-2.87233;-7.21448
0.267;0;-2.86646;-7.20717
0.268;0;-2.86063;-7.19986
0.269;0;-2.85482;-7.19254
0.27;0;-2.84905;-7.18522
0.271;0;-2.84331;-7.17789
0.272;0;-2.83761;-7.17056
0.273;0;-2.83193;-7.16322
0.274;0;-2.82628;-7.15588
0.275;0;-2.82067;-7.14854
0.276;0;-2.81509;-7.14119
0.277;0;-2.80954;-7.13383
0.278;0;-2.80402;-7.12647
0.279;0;-2.79853;-7.1191
0.28;0;-2.79306;-7.11173
0.281;0;-2.78763;-7.10435
0.282;0;-2.78223;-7.09697
0.283;0;-2.77686;-7.08958
0.284;0;-2.77152;-7.08218
0.285;0;-2.76621;-7.07478
0.286;0;-2.76092;-7.06737
0.287;0;-2.75567;-7.05996
0.288;0;-2.75044;-7.05254
0.289;0;-2.74524;-7.04511
0.29;0;-2.74007;-7.03768
0.291;0;-2.73493;-7.03024
0.292;0;-2.72982;-7.0228
0.293;0;-2.72473;-7.01534
0.294;0;-2.71967;-7.00789
0.295;0;-2.71464;-7.00042
0.296;0;-2.70963;-6.99295
0.297;0;-2.70465;-6.98547
0.298;0;-2.6997;-6.97798
0.299;0;-2.69478;-6.97049
0.3;0;-2.68988;-6.96299
0.301;0;-2.685;-6.95548
0.302;0;-2.68016;-6.94797
0.303;0;-2.67533;-6.94045
0.304;0;-2.67054;-6.93292
0.305;0;-2.66577;-6.92538
0.306;0;-2.66102;-6.91784
0.307;0;-2.6563;-6.91029
0.308;0;-2.65161;-6.90273
0.309;0;-2.64693;-6.89516
0.31;0;-2.64229;-6.88759
0.311;0;-2.63766;-6.88001
0.312;0;-2.63307;-6.87242
0.313;0;-2.62849;-6.86482
0.314;0;-2.62394;-6.85721
0.315;0;-2.61941;-6.8496
0.316;0;-2.61491;-6.84198
0.317;0;-2.61043;-6.83435
0.318;0;-2.60597;-6.82671
0.319;0;-2.60154;-6.81907
0.32;0;-2.59712;-6.81141
0.321;0;-2.59273;-6.80375
0.322;0;-2.58837;-6.79608
0.323;0;-2.58402;-6.7884
0.324;0;-2.5797;-6.78072
0.325;0;-2.5754;-6.77302
0.326;0;-2.57112;-6.76532
0.327;0;-2.56686;-6.75761
0.328;0;-2.56262;-6.74989
0.329;0;-2.5584;-6.74216
0.33;0;-2.55421;-6.73442
0.331;0;-2.55004;-6.72668
0.332;0;-2.54588;-6.71892
0.333;0;-2.54175;-6.71116
0.334;0;-2.53764;-6.70339
0.335;0;-2.53355;-6.69561
0.336;0;-2.52947;-6.68782
0.337;0;-2.52542;-6.68003
0.338;0;-2.52139;-6.67222
0.339;0;-2.51738;-6.66441
0.34;0;-2.51338;-6.65658
0.341;0;-2.50941;-6.64875
0.342;0;-2.50545;-6.64091
0.343;0;-2.50152;-6.63306
