0;0;0;0.15
0.001;0;0.004;0.151
0.002;0;0.008;0.152
0.003;0;0.0119949;0.152989
0.004;0;0.0159846;0.153967
0.005;0;0.0199693;0.154933
0.006;0;0.0239489;0.155889
0.007;0;0.0279234;0.156834
0.008;0;0.0318929;0.157767
0.009;0;0.0358573;0.15869
0.01;0;0.0398167;0.159602
0.011;0;0.0437711;0.160502
0.012;0;0.0477205;0.161392
0.013;0;0.0516649;0.162271
0.014;0;0.0556043;0.163139
0.015;0;0.0595389;0.163996
0.016;0;0.0634684;0.164842
0.017;0;0.0673931;0.165677
0.018;0;0.0713129;0.166501
0.019;0;0.0752277;0.167314
0.02;0;0.0791378;0.168117
0.021;0;0.0830429;0.168909
0.022;0;0.0869432;0.16969
0.023;0;0.0908387;0.17046
0.024;0;0.0947294;0.171219
0.025;0;0.0986152;0.171968
0.026;0;0.102496;0.172706
0.027;0;0.106373;0.173433
0.028;0;0.110244;0.174149
0.029;0;0.114111;0.174855
0.03;0;0.117973;0.17555
0.031;0;0.12183;0.176235
0.032;0;0.125683;0.176908
0.033;0;0.129531;0.177572
0.034;0;0.133374;0.178224
0.035;0;0.137213;0.178866
0.036;0;0.141047;0.179497
0.037;0;0.144876;0.180118
0.038;0;0.148701;0.180728
0.039;0;0.152521;0.181327
0.04;0;0.156337;0.181916
0.041;0;0.160148;0.182495
0.042;0;0.163954;0.183063
0.043;0;0.167756;0.18362
0.044;0;0.171553;0.184167
0.045;0;0.175346;0.184704
0.046;0;0.179134;0.18523
0.047;0;0.182918;0.185745
0.048;0;0.186697;0.186251
0.049;0;0.190472;0.186745
0.05;0;0.194242;0.18723
0.051;0;0.198008;0.187704
0.052;0;0.201769;0.188167
0.053;0;0.205526;0.18862
0.054;0;0.209278;0.189063
0.055;0;0.213027;0.189496
0.056;0;0.21677;0.189918
0.057;0;0.22051;0.19033
0.058;0;0.224244;0.190731
0.059;0;0.227975;0.191122
0.06;0;0.231701;0.191503
0.061;0;0.235423;0.191874
0.062;0;0.239141;0.192234
0.063;0;0.242854;0.192585
0.064;0;0.246563;0.192925
0.065;0;0.250267;0.193254
0.066;0;0.253968;0.193574
0.067;0;0.257664;0.193883
0.068;0;0.261355;0.194182
0.069;0;0.265043;0.194472
0.07;0;0.268726;0.19475
0.071;0;0.272405;0.195019
0.072;0;0.27608;0.195278
0.073;0;0.279751;0.195526
0.074;0;0.283417;0.195765
0.075;0;0.287079;0.195993
0.076;0;0.290737;0.196211
0.077;0;0.294391;0.196419
0.078;0;0.298041;0.196617
0.079;0;0.301687;0.196805
0.08;0;0.305328;0.196983
0.081;0;0.308965;0.197151
0.082;0;0.312598;0.197309
0.083;0;0.316228;0.197457
0.084;0;0.319853;0.197595
0.085;0;0.323473;0.197723
0.086;0;0.32709;0.197841
0.087;0;0.330703;0.197949
0.088;0;0.334312;0.198047
0.089;0;0.337916;0.198136
0.09;0;0.341517;0.198214
0.091;0;0.345113;0.198282
0.092;0;0.348706;0.198341
0.093;0;0.352294;0.198389
0.094;0;0.355879;0.198428
0.095;0;0.359459;0.198457
0.096;0;0.363036;0.198476
0.097;0;0.366608;0.198485
0.098;0;0.370177;0.198484
0.099;0;0.373742;0.198474
0.1;0;0.377302;0.198453
0.101;0;0.380859;0.198423
0.102;0;0.384412;0.198383
0.103;0;0.387961;0.198334
0.104;0;0.391506;0.198274
0.105;0;0.395047;0.198205
0.106;0;0.398584;0.198126
0.107;0;0.402117;0.198038
0.108;0;0.405646;0.197939
0.109;0;0.409172;0.197831
0.11;0;0.412693;0.197713
0.111;0;0.416211;0.197586
0.112;0;0.419725;0.197449
0.113;0;0.423235;0.197302
0.114;0;0.426741;0.197145
0.115;0;0.430244;0.196979
0.116;0;0.433742;0.196803
0.117;0;0.437237;0.196618
0.118;0;0.440728;0.196423
0.119;0;0.444215;0.196218
0.12;0;0.447699;0.196004
0.121;0;0.451178;0.19578
0.122;0;0.454654;0.195547
0.123;0;0.458126;0.195304
0.124;0;0.461595;0.195051
0.125;0;0.465059;0.194789
0.126;0;0.46852;0.194517
0.127;0;0.471977;0.194236
0.128;0;0.47543;0.193945
0.129;0;0.47888;0.193645
0.13;0;0.482326;0.193336
0.131;0;0.485768;0.193016
0.132;0;0.489207;0.192688
0.133;0;0.492642;0.19235
0.134;0;0.496073;0.192002
0.135;0;0.4995;0.191645
0.136;0;0.502924;0.191279
0.137;0;0.506344;0.190903
0.138;0;0.509761;0.190517
0.139;0;0.513173;0.190123
0.14;0;0.516583;0.189719
0.141;0;0.519988;0.189305
0.142;0;0.52339;0.188882
0.143;0;0.526788;0.18845
0.144;0;0.530183;0.188008
0.145;0;0.533574;0.187557
0.146;0;0.536962;0.187097
0.147;0;0.540345;0.186627
0.148;0;0.543726;0.186148
0.149;0;0.547102;0.18566
0.15;0;0.550475;0.185163
0.151;0;0.553845;0.184656
0.152;0;0.557211;0.18414
0.153;0;0.560573;0.183614
0.154;0;0.563932;0.18308
0.155;0;0.567287;0.182536
0.156;0;0.570639;0.181982
0.157;0;0.573987;0.18142
0.158;0;0.577332;0.180848
0.159;0;0.580673;0.180267
0.16;0;0.584011;0.179677
0.161;0;0.587345;0.179078
0.162;0;0.590675;0.17847
0.163;0;0.594002;0.177852
0.164;0;0.597326;0.177225
0.165;0;0.600646;0.176589
0.166;0;0.603963;0.175944
0.167;0;0.607276;0.17529
0.168;0;0.610585;0.174626
0.169;0;0.613892;0.173954
0.17;0;0.617194;0.173272
0.171;0;0.620494;0.172581
0.172;0;0.623789;0.171882
0.173;0;0.627082;0.171173
0.174;0;0.630371;0.170455
0.175;0;0.633656;0.169728
0.176;0;0.636938;0.168991
0.177;0;0.640217;0.168246
0.178;0;0.643492;0.167492
0.179;0;0.646764;0.166729
0.18;0;0.650032;0.165956
0.181;0;0.653297;0.165175
0.182;0;0.656558;0.164385
0.183;0;0.659816;0.163585
0.184;0;0.663071;0.162777
0.185;0;0.666322;0.16196
0.186;0;0.66957;0.161134
0.187;0;0.672815;0.160298
0.188;0;0.676056;0.159454
0.189;0;0.679294;0.158601
0.19;0;0.682528;0.157739
0.191;0;0.685759;0.156868
0.192;0;0.688987;0.155988
0.193;0;0.692211;0.1551
0.194;0;0.695432;0.154202
0.195;0;0.69865;0.153295
0.196;0;0.701864;0.15238
0.197;0;0.705075;0.151456
0.198;0;0.708283;0.150522
0.199;0;0.711487;0.14958
0.2;0;0.714688;0.14863
0.201;0;0.717886;0.14767
0.202;0;0.72108;0.146701
0.203;0;0.724271;0.145724
0.204;0;0.727459;0.144738
0.205;0;0.730644;0.143743
0.206;0;0.733825;0.142739
0.207;0;0.737002;0.141727
0.208;0;0.740177;0.140705
0.209;0;0.743348;0.139675
0.21;0;0.746516;0.138637
0.211;0;0.749681;0.137589
0.212;0;0.752842;0.136533
0.213;0;0.756;0.135468
0.214;0;0.759155;0.134394
0.215;0;0.762307;0.133312
0.216;0;0.765455;0.13222
0.217;0;0.7686;0.131121
0.218;0;0.771742;0.130012
0.219;0;0.774881;0.128895
0.22;0;0.778016;0.127769
0.221;0;0.781148;0.126635
0.222;0;0.784277;0.125492
0.223;0;0.787403;0.12434
0.224;0;0.790525;0.123179
0.225;0;0.793644;0.12201
0.226;0;0.79676;0.120833
0.227;0;0.799873;0.119646
0.228;0;0.802982;0.118452
0.229;0;0.806088;0.117248
0.23;0;0.809191;0.116036
0.231;0;0.812291;0.114816
0.232;0;0.815388;0.113587
0.233;0;0.818481;0.112349
0.234;0;0.821571;0.111103
0.235;0;0.824659;0.109848
0.236;0;0.827742;0.108585
0.237;0;0.830823;0.107313
0.238;0;0.8339;0.106033
0.239;0;0.836975;0.104744
0.24;0;0.840046;0.103447
0.241;0;0.843114;0.102141
0.242;0;0.846178;0.100827
0.243;0;0.84924;0.0995041
0.244;0;0.852298;0.098173
0.245;0;0.855353;0.0968335
0.246;0;0.858405;0.0954855
0.247;0;0.861454;0.0941291
0.248;0;0.8645;0.0927643
0.249;0;0.867543;0.091391
0.25;0;0.870582;0.0900094
0.251;0;0.873618;0.0886194
0.252;0;0.876651;0.087221
0.253;0;0.879681;0.0858143
0.254;0;0.882708;0.0843992
0.255;0;0.885732;0.0829757
0.256;0;0.888752;0.0815439
0.257;0;0.89177;0.0801037
0.258;0;0.894784;0.0786553
0.259;0;0.897795;0.0771985
0.26;0;0.900803;0.0757334
0.261;0;0.903808;0.07426
0.262;0;0.90681;0.0727783
0.263;0;0.909808;0.0712884
0.264;0;0.912804;0.0697901
0.265;0;0.915796;0.0682837
0.266;0;0.918786;0.0667689
0.267;0;0.921772;0.0652459
0.268;0;0.924755;0.0637147
0.269;0;0.927735;0.0621753
0.27;0;0.930712;0.0606276
0.271;0;0.933685;0.0590717
0.272;0;0.936656;0.0575076
0.273;0;0.939624;0.0559354
0.274;0;0.942588;0.0543549
0.275;0;0.94555;0.0527663
0.276;0;0.948508;0.0511695
0.277;0;0.951463;0.0495646
0.278;0;0.954415;0.0479515
0.279;0;0.957364;0.0463303
0.28;0;0.96031;0.044701
0.281;0;0.963253;0.0430635
0.282;0;0.966193;0.041418
0.283;0;0.96913;0.0397643
0.284;0;0.972063;0.0381026
0.285;0;0.974994;0.0364327
0.286;0;0.977921;0.0347548
0.287;0;0.980846;0.0330689
0.288;0;0.983767;0.0313748
0.289;0;0.986685;0.0296728
0.29;0;0.989601;0.0279627
0.291;0;0.992513;0.0262446
0.292;0;0.995422;0.0245184
0.293;0;0.998328;0.0227843
0.294;0;1.00123;0.0210421
0.295;0;1.00413;0.019292
0.296;0;1.00703;0.0175339
0.297;0;1.00992;0.0157678
0.298;0;1.01281;0.0139937
0.299;0;1.0157;0.0122117
0.3;0;1.01859;0.0104218
0.301;0;1.02147;0.00862392
0.302;0;1.02435;0.00681812
0.303;0;1.02722;0.0050044
0.304;0;1.03009;0.00318278
0.305;0;1.03296;0.00135326
0.306;0;1.03583;-0.000484142
