68.00000000000068;43.70000000000118
192.9000000000002;106.20000000000118
140.59999999999775;30.00000000000682
295.3000000000003;30.899999999996908
265.39999999999964;64.40000000000055
386.29999999999995;101.19999999999436
527.4000000000001;-33.89999999999418
694.5000000000022;9.799999999995634
579.8000000000002;-39.199999999993906
628.2999999999987;0.6999999999948159
643.0000000000007;41.89999999999827
561.4000000000004;155.00000000000682
941.8999999999983;-176.99999999999818
868.2000000000016;262.00000000000045
981.2999999999988;80.499999999995
1039.6000000000015;85.69999999999709
1086.099999999999;51.60000000000764
1081.3999999999992;23.39999999999236
1199.799999999999;74.7000000000071
1274.5000000000005;-12.30000000000473
1282.4000000000012;59.699999999998
1344.2000000000007;53.49999999999682
1472.6999999999975;16.30000000000109
1442.700000000002;40.000000000009095
1510.3000000000009;18.099999999992633
1682.6999999999998;14.499999999998181
1559.9999999999966;51.700000000005275
1781.4999999999998;55.10000000000446
1693.2000000000016;19.700000000000273
1797.399999999999;23.299999999994725
1956.3000000000045;26.80000000000291
1852.4999999999977;18.399999999996908
1930.2999999999997;43.100000000004
2053.5000000000023;-2.400000000000091
2113.099999999997;-27.500000000009095
2150.699999999995;-2.899999999999636
2226.9000000000005;51.500000000010004
2107.3000000000093;-39.200000000005275
2334.999999999991;38.49999999999909
2254.5000000000073;-15.800000000001546
2471.399999999994;68.60000000000355
2376.400000000001;9.399999999993724
2574.599999999998;-89.59999999999582
2407.9000000000065;15.300000000002001
2614.4000000000005;22.79999999999518
2659.8999999999933;-8.399999999994634
2654.900000000009;12.400000000002365
2767.4999999999955;-19.299999999998363
2790.899999999999;-47.40000000000464
2765.999999999997;-2.3000000000024556
37.30000000000473;27.300000000002456
2934.000000000003;-39.30000000000291
2876.1999999999944;-50.59999999999718
2873.0999999999995;-26.99999999999818
3009.5000000000027;-22.199999999998
3027.0000000000095;-10.099999999999909
3150.999999999999;-60.599999999999454
3107.9999999999927;-56.10000000000355
3100.0;-24.80000000000473
3238.9999999999873;-51.900000000000546
3324.000000000001;-18.499999999994543
3233.0000000000155;-119.79999999999791
3289.9999999999864;-37.70000000000664
3405.000000000018;-136.00000000000136
3484.999999999991;-88.59999999999673
3300.999999999999;-10.000000000002274
3634.999999999991;-102.40000000000009
3464.00000000001;-56.49999999999409
3675.999999999999;-73.90000000000327
3537.999999999988;-100.90000000000146
3710.0000000000136;-31.999999999993634
3779.9999999999955;-122.80000000000655
3745.0000000000045;-27.99999999999727
3830.9999999999945;-39.30000000000291
3791.000000000008;-62.999999999999545
4021.0000000000036;-87.5
3857.9999999999927;-61.799999999993815
3885.99999999999;-111.200000000008
-290.99999999998545;-53.99999999999636
-3287.000000000012;-25.499999999999545
-3200.0;-85.40000000000418
-3025.999999999999;-72.59999999999991
-3046.0000000000036;-23.299999999994725
-2981.9999999999936;-2.899999999999636
-2849.000000000001;-31.200000000001182
-2837.999999999988;-30.899999999996908
-2639.00000000001;-46.00000000000364
-2591.000000000008;-1.700000000005275
-2466.9999999999845;-25.19999999999527
-2537.000000000012;7.1000000000026375
-2383.999999999992;-26.099999999996726
-2267.0000000000073;6.299999999998818
-2223.000000000002;-7.800000000008822
-2149.000000000001;-49.19999999999618
-2058.999999999992;13.599999999996726
-1970.0000000000045;13.200000000006185
-1983.9999999999918;59.50000000000273
-1789.00000000001;12.5
-1876.9999999999982;7.899999999995089
-1693.0000000000064;-7.5000000000045475
-1554.9999999999955;107.30000000000928
-1708.9999999999918;-22.80000000000655
-1285.0000000000136;-226.90000000000055
-1660.99999999999;164.10000000000764
-1297.0000000000027;82.49999999999318
-1275.0;-216.89999999999827
-1108.9999999999918;-14.70000000000482
-1367.0000000000073;325.90000000000146
-804.9999999999955;-35.50000000000182
-1130.9999999999945;-42.19999999999118
-1016.0000000000082;77.89999999999964
-666.0000000000082;-137.00000000000045
-1106.9999999999936;282.4999999999932
-1037.9999999999882;-151.49999999999864
-751.9999999999982;8.699999999998909
-684.0000000000146;-9.29999999999609
-610.99999999999;3.200000000003911
-562.0000000000118;6.799999999998363
-456.99999999999363;-1.1000000000080945
-409.9999999999909;9.700000000009368
-355.0000000000182;8.09999999999036
-281.99999999999363;14.200000000005275
-260.99999999999;-4.399999999998272
-165.0000000000091;17.700000000002092
-83.99999999999181;-13.30000000000382
-45.00000000000455;6.799999999998363
13.999999999987267;18.100000000004002
54.0000000000191;-7.000000000005002
145.9999999999809;-12.5
184.00000000001455;7.900000000006457
248.00000000000182;28.39999999999918
290.99999999998545;-32.90000000000646
410.00000000001364;30.200000000002092
453.99999999999636;7.600000000002183
475.9999999999991;8.500000000003638
603.9999999999964;5.299999999999727
558.9999999999918;-9.500000000002728
720.0000000000045;12.000000000000455
728.9999999999964;-19.200000000000728
821.0000000000036;1.4999999999986358
879.9999999999955;2.2000000000048203
890.0000000000091;-4.500000000007276
981.9999999999936;0.6000000000085493
1117.0000000000073;-12.70000000000664
1041.0000000000082;22.199999999998
1214.9999999999864;-12.799999999992906
1188.000000000011;26.59999999999627
1269.0000000000055;9.400000000005093
1332.9999999999927;-35.50000000000182
1443.0000000000064;21.299999999996544
1425.999999999999;-36.30000000000564
1581.9999999999936;31.00000000000591
1602.9999999999973;1.8000000000029104
1584.999999999991;-19.700000000000273
1746.0000000000036;13.09999999999718
1715.000000000009;10.599999999999454
1820.0000000000045;-25.699999999994816
1948.0000000000018;52.099999999995816
1905.9999999999945;-40.89999999999918
1957.9999999999927;-11.000000000001364
2023.0000000000018;11.69999999999618
2014.00000000001;1.3000000000033651
2238.9999999999873;20.799999999997
2187.000000000012;-26.299999999991996
2223.000000000002;29.999999999995453
2350.0;11.29999999999427
2380.9999999999945;-55.79999999999927
2407.9999999999927;25.20000000000664
2479.9999999999955;18.299999999999272
2590.000000000009;-30.600000000004002
2614.00000000001;4.000000000007731
2620.999999999981;0.29999999999290594
2692.0000000000073;2.100000000007185
2805.9999999999945;-27.800000000002
2702.9999999999973;-23.500000000001364
2862.000000000012;-69.500000000005
1377.9999999999973;67.20000000000255
-2369.0000000000055;-69.79999999999791
-2574.000000000001;-13.09999999999718
-2333.999999999992;28.199999999992542
-2339.00000000001;9.100000000000819
-2263.9999999999873;-8.299999999996999
-2200.999999999999;18.399999999996908
-2076.999999999998;-2.5999999999953616
-2065.000000000009;18.99999999999409
-1906.9999999999936;16.90000000000964
-1861.0000000000127;-0.6000000000085493
-1841.9999999999845;-1.2999999999919964
-1690.000000000009;2.799999999990632
-1635.99999999999;20.500000000004093
-1589.00000000001;7.600000000002183
-1496.0000000000036;14.900000000000091
-1396.0000000000036;-1.6000000000076398
-1403.9999999999964;-13.599999999996726
-1324.000000000001;16.399999999998727
-1255.9999999999945;-57.79999999999745
-1212.9999999999882;-13.09999999999718
-1072.0000000000027;22.500000000002274
-948.0000000000018;3.6999999999920874
-1044.0000000000055;-13.799999999991996
-820.0000000000045;-35.20000000000891
-872.0000000000027;-12.09999999999809
-833.9999999999918;25.99999999999909
-675.9999999999991;-28.099999999994907
-425.0;-85.30000000000655
-851.9999999999982;63.200000000006185
-538.0000000000109;27.300000000002456
-455.99999999999454;-76.30000000000337
-450.0;-303.8000000000011
-277.99999999999727;275.0
-250.9999999999991;7.1000000000026375
-236.00000000001273;-50.300000000004275
-69.99999999998181;-16.199999999992087
-138.0000000000109;-21.000000000003638
-9.999999999990905;-30.200000000002092
56.99999999999363;-20.000000000004547
103.99999999999636;-12.29999999999336
151.99999999999818;-29.700000000002547
255.99999999999454;9.600000000000364
323.0000000000018;-29.60000000000491
351.9999999999982;-20.699999999999363
388.0000000000109;-35.29999999999518
499.0000000000009;-5.799999999999272
530.9999999999945;-16.200000000003456
590.0000000000091;-28.39999999999918
660.99999999999;-21.79999999999609
754.9999999999955;-16.899999999998272
774.0000000000009;-27.20000000000482
865.0000000000091;-43.39999999999691
849.0000000000009;8.199999999999363
981.9999999999936;-41.39999999999873
1025.999999999999;0.40000000000190994
1071.0000000000036;0.49999999999954525
1156.9999999999936;-21.100000000001273
1169.0000000000055;-5.200000000002092
1268.0000000000064;-28.899999999998727
1428.9999999999964;-21.60000000000082
1345.0000000000045;-34.600000000000364
1458.9999999999918;-12.000000000000455
1475.999999999999;-19.600000000002638
1573.0000000000018;-23.299999999994725
1590.000000000009;-16.899999999998272
1762.9999999999882;-13.400000000001455
1815.000000000009;-13.900000000001
1767.0000000000073;2.4999999999977263
1842.9999999999836;-26.700000000005275
1965.000000000009;21.800000000007458
1912.9999999999882;-48.40000000000373
2114.00000000001;6.000000000005912
2069.0000000000055;-5.799999999999272
2147.0000000000027;-33.10000000000173
2183.999999999992;36.69999999999618
2282.9999999999927;-64.09999999999627
2220.0000000000045;39.400000000000546
-560.99999999999;-25.80000000000382
-1971.0000000000036;2.400000000000091
-2018.0000000000064;28.499999999996817
-1995.0000000000045;-25.79999999999245
-1826.9999999999982;11.399999999991905
-1781.9999999999936;-1.4000000000010004
-1663.000000000011;-23.099999999999454
-1650.999999999999;-16.099999999994452
-1488.9999999999873;-20.299999999997453
-1504.9999999999955;-12.400000000002365
-1401.9999999999982;1.1999999999943611
-1401.0000000000218;-12.000000000000455
-1239.9999999999864;30.799999999999272
-1236.0000000000127;-26.19999999999436
-1139.9999999999864;-32.10000000000264
-1097.0000000000027;11.599999999998545
-981.9999999999936;-38.29999999999245
-949.0000000000009;-3.6000000000058208
-861.0000000000127;26.499999999998636
-793.9999999999827;-5.3999999999973625
-744.0000000000055;-20.000000000004547
-650.9999999999991;-0.8999999999900865
-648.0000000000018;-17.000000000007276
-550.0;4.700000000002547
-500.9999999999991;-29.399999999998272
-400.0;11.000000000001364
-337.0000000000118;-17.000000000007276
-278.99999999999636;-26.099999999996726
-288.99999999998727;-10.599999999999454
-158.00000000001546;18.299999999999272
-88.99999999998727;-9.399999999993724
-44.00000000000546;0.5999999999971806
17.000000000007276;-3.300000000001546
93.99999999998272;12.30000000000473
102.99999999999727;-16.000000000008185
238.0000000000109;20.400000000006457
226.99999999999818;-40.70000000000391
387.0000000000118;18.499999999994543
357.9999999999927;-11.099999999999
458.9999999999918;-3.199999999992542
487.0000000000118;-20.299999999997453
571.0000000000036;16.299999999989723
611.9999999999891;-4.300000000000637
750.0;-21.59999999998945
740.0000000000091;-53.00000000000864
808.9999999999918;15.50000000000864
907.9999999999927;6.199999999989814
898.0000000000018;18.200000000001637
986.0000000000127;-25.299999999992906
1144.9999999999818;5.099999999993088
1046.0000000000036;-47.39999999999327
1210.0000000000136;24.19999999999618
1278.9999999999964;-19.899999999995543
1305.9999999999945;4.300000000000637
1362.0000000000118;7.999999999992724
1429.9999999999955;0.0
1494.0000000000055;-9.399999999993724
1569.9999999999818;-6.299999999998818
1656.0000000000173;12.899999999990541
1636.999999999989;-51.099999999996726
1712.0000000000118;29.100000000005366
1722.999999999979;-28.300000000001546
1854.000000000019;-47.80000000000655
1853.9999999999964;5.5000000000063665
1612.9999999999882;-34.699999999998
-1221.0000000000036;62.89999999999054
-1487.9999999999882;-20.799999999997
-1475.999999999999;105.29999999999973
-1433.9999999999918;27.899999999999636
-1232.0000000000164;28.20000000000391
-1321.0000000000036;47.100000000000364
-1172.999999999979;11.400000000003274
-1168.0000000000064;22.299999999995634
-1058.0000000000155;43.60000000000355
-944.9999999999818;46.899999999993724
-1000.0;41.89999999999827
-803.9999999999964;-11.799999999993815
-807.0000000000164;39.800000000002456
-734.9999999999909;81.99999999999363
-656.9999999999936;45.00000000000455
-598.0000000000018;-10.700000000008458
